            A        R        N        D        C        Q        E        G        H        I        L        K        M        F        P        S        T        W        Y        V
 1 A  -0.0166   0.0441     -0.1  -0.0395  -0.0706  -0.0815  -0.0627  -0.0309  -0.0206   0.0078  -0.0162   0.1328  -0.0591   0.0257  -0.0945    0.001  -0.0165   0.0117   -0.107  -0.0572
 2 A   0.0552   0.0167  -0.0271  -0.1076    0.055  -0.0607   -0.114   0.0341  -0.0987  -0.0072  -0.0803  -0.0057   0.0708  -0.0587   -0.083   0.2738   0.2327   0.0669  -0.0122   0.0068
 3 A  -0.0288   0.0165   0.0193  -0.2665  -0.0794  -0.0104   0.0817    0.012  -0.0424   0.0246  -0.0961   0.1178  -0.0577   0.1111  -0.0017  -0.0893   0.0148  -0.0707   0.0208     0.04
 4 A  -0.0795  -0.0172   0.0389  -0.0993    -0.09   0.0604   -0.033    0.003   0.0889   0.0202   0.0807   0.0289  -0.0721   0.0615    0.078  -0.0669   0.0855  -0.0304   0.0502  -0.0828
 5 A   0.0767   0.0247   0.0502  -0.0302   -0.046   0.0792  -0.0114     0.01    0.131  -0.0414  -0.0771  -0.0581    -0.01   0.0157  -0.0184  -0.0526   0.0807   0.0147  -0.0459     0.12
 6 A  -0.1002   0.0054   0.0772  -0.0285   0.0817   0.0247  -0.0968   0.0859   0.0382   0.0995  -0.0655  -0.1316   0.0865   0.0422  -0.0555   0.0013   0.0508   0.0846   0.0423   0.0434
 7 A   -0.096  -0.1273  -0.0943  -0.0508    0.072   0.0078  -0.0551   0.0684   0.0234  -0.0442   0.0767  -0.0116   0.0122  -0.0963   0.0601  -0.1028   0.1145  -0.0224   0.0727   0.0522
 8 A   0.0109  -0.0727   -0.088  -0.0757  -0.0911  -0.0785  -0.0549   0.0454   0.0119   -0.044  -0.0856   0.0935   0.0136  -0.0593  -0.0495   0.0488  -0.1103   0.0163    0.094   0.0251
 9 A   -0.052  -0.0012  -0.1253    -0.07   -0.107  -0.0606  -0.1796  -0.0566  -0.0444   0.0178  -0.0365   0.0977   0.0479   0.1488  -0.1221  -0.0228  -0.1127   0.3863    0.165  -0.1125
