            A        R        N        D        C        Q        E        G        H        I        L        K        M        F        P        S        T        W        Y        V
 1 A  -0.0432   0.0606  -0.0058   0.0316  -0.1771  -0.1409  -0.0627  -0.0309  -0.2239   0.0273  -0.0719   0.1205   0.0609   0.0853  -0.0224   0.1532  -0.0564   0.0117  -0.0438   0.0354
 2 A   0.0601  -0.0735  -0.0373   0.0385   0.0089   0.0171  -0.1095  -0.0181   -0.066    0.014  -0.0803  -0.0158   0.2317    0.176  -0.0914   0.0198  -0.0216   0.1791   0.1865   0.0023
 3 A   0.0978   0.0725  -0.0282   0.0065  -0.0498  -0.0919   0.0939  -0.0491  -0.0202   0.0266  -0.0106  -0.0844  -0.0577   0.0927  -0.1565  -0.0893   0.0336  -0.0272   0.1454   0.0725
 4 A  -0.1587  -0.0688   0.1002  -0.0323    -0.09   0.0349   0.0328  -0.0703   0.1117   0.0877   0.0325  -0.0035   0.0186   0.1192   0.0032  -0.0621   0.1472  -0.0304   0.0502   0.0536
 5 A   0.0767   0.1271  -0.0733  -0.0302   0.0501   0.0073   0.0214   0.0273   0.1783   0.1256    -0.14   0.0666    -0.01   0.1145  -0.0776  -0.0566   0.1527   0.0655   -0.113  -0.0245
 6 A  -0.0347   0.0512   0.1746  -0.1237   0.0978   0.0018  -0.0736   0.0331   0.0392   0.1973  -0.1699   0.0099   0.0865   0.0571  -0.0868   0.1065   0.0167   0.0846   0.1122   -0.049
 7 A   -0.096  -0.0948   0.0393   0.0287  -0.0244   0.0218  -0.0474  -0.0417  -0.0752  -0.0518  -0.0304  -0.0648   0.0122   0.1103   0.1244  -0.0917   0.1121   0.0609   0.1834   0.0494
 8 A   0.0112  -0.1171   0.0864  -0.0739  -0.0911   -0.006   0.0075   0.0426   0.0849  -0.0819   0.1011   0.0887   0.0465  -0.0723  -0.1361  -0.1523  -0.0742   0.0163   0.0087   0.1289
 9 A   0.0178  -0.1432    0.024   0.0658  -0.0524  -0.0963  -0.2662  -0.2064  -0.2005   0.2128   0.1425   0.0977   0.2245   0.3831  -0.0785  -0.1849  -0.1554   0.3355  -0.0821   -0.026
