            A        R        N        D        C        Q        E        G        H        I        L        K        M        F        P        S        T        W        Y        V
 1 A   0.0376   0.1152  -0.1583  -0.1558  -0.0706  -0.0274  -0.0627   0.1195  -0.0446   0.0078  -0.0162   0.0736  -0.0591   0.0074  -0.1602   0.0864  -0.0165   0.0506   0.0083  -0.0604
 2 A   0.0601   0.0713   0.0053    0.034   0.0457   0.0479   0.2583  -0.0155   -0.005    0.029  -0.0803   0.0127   0.0486   0.0066   0.0101   0.0113  -0.0381   0.0424  -0.1789    0.038
 3 A   0.0878   0.0496   0.0215  -0.0938  -0.0794  -0.0104   0.0817  -0.0499  -0.0424  -0.0054  -0.0276   0.0571  -0.0577   0.0236  -0.0644  -0.0047   0.0909  -0.0707  -0.0044   0.0458
 4 A   0.0295  -0.0172   0.0166  -0.0002    -0.09  -0.0333  -0.0087    0.003   0.0889  -0.0476   0.0412   0.0424  -0.0721   0.0615   0.1307  -0.0669    0.016   0.0295   0.0502   0.0758
 5 A   0.1116   0.0723  -0.0064  -0.0803   -0.046   0.0792  -0.0383   0.0706   0.0004  -0.0162  -0.0173   0.0312    -0.01   0.0674   0.0075    0.032   0.0128   0.0203   0.2225  -0.0505
 6 A   0.0066   0.0054   0.0207  -0.0532   0.0817    0.114  -0.0117   0.0445   0.0382   0.0556  -0.0017    0.035   0.0196   0.0186    -0.05   0.0511   0.0243   0.0846   0.0247   0.0057
 7 A  -0.0897  -0.0656  -0.0303  -0.0936   0.1914   0.0078   0.0106   0.0597  -0.0752    0.027   0.0599   0.0027   0.0122  -0.0053   0.1405  -0.0379   0.0136   0.0316  -0.0141  -0.0413
 8 A  -0.0064  -0.0727  -0.0545  -0.0158  -0.0911  -0.1597   0.0297   0.0128  -0.0103  -0.0316   0.0331   0.0108  -0.0269   0.0316   0.0637   0.0488   0.0288   0.0163   0.0526  -0.0643
 9 A   -0.017  -0.1366  -0.1249   0.0658  -0.1415  -0.0579  -0.1545   0.0074   0.0213  -0.0276   0.1538  -0.1016   0.1177   0.1988  -0.0996   0.0491   0.1316  -0.0852   0.0605   0.1502
