            A        R        N        D        C        Q        E        G        H        I        L        K        M        F        P        S        T        W        Y        V
 1 A   0.0523   0.0536   0.0742  -0.1325  -0.0706   0.0453  -0.0627   0.0201  -0.0181   0.0078  -0.0162   0.1096  -0.0591  -0.1314  -0.1749   0.0114   0.1139   0.0491   0.0279  -0.1754
 2 A   0.0601   0.0015   0.0004   0.0016   0.0016   0.0789   0.2272  -0.0008   0.0016   -0.002   0.0007  -0.0158    0.001   0.0008  -0.0009   0.0016  -0.0036   0.0669  -0.0068    0.001
 3 A   0.0297   0.0496   0.0811  -0.0509  -0.0794  -0.0104   0.0817  -0.0413  -0.0424  -0.0681  -0.1062  -0.1173  -0.0577   0.0324   0.0014   0.0502   0.0896  -0.0707   0.0578   0.1597
 4 A  -0.0625  -0.0172   0.1325  -0.0917    -0.09  -0.1114   -0.038   0.0599   0.0889   0.0319   0.1631   0.1093  -0.0721   0.1485  -0.0518  -0.0669   0.0753   0.0401   0.0502  -0.0257
 5 A   0.0659   0.0244   0.0034   0.0931   -0.046   0.0211   0.0227    0.136   0.0104  -0.0943  -0.0176   0.0623    -0.01   0.0326    0.041     0.03   0.0364   -0.011   0.1898  -0.0684
 6 A  -0.1126   0.0054   0.0894   0.0987   0.0468   0.0992  -0.0707    0.015   0.0349   0.2463  -0.1192    0.018   0.0369  -0.0231   0.0074   0.0511   0.1146   0.0846   0.0524  -0.0862
 7 A  -0.1636  -0.0375   0.0553  -0.0853   0.1432   0.0078   0.0106   0.0684  -0.0752   0.0087   0.1746  -0.0674   0.0122  -0.0024   0.1451  -0.0025   -0.047   0.1042  -0.0447  -0.0348
 8 A  -0.0197  -0.0727  -0.0909   -0.005  -0.0911   0.1656  -0.0068  -0.0069   0.0552  -0.1286  -0.0192  -0.0883   -0.105    0.021    0.046   0.0488   0.1324   0.0163   0.0797  -0.0663
 9 A    0.008  -0.0938  -0.0422  -0.1271  -0.1105   0.0292  -0.1264  -0.0066   0.0213   0.1787   0.0075  -0.1181   0.2049   0.1446   0.0102  -0.0841   0.0338   0.1281   0.0991  -0.1094
