            A        R        N        D        C        Q        E        G        H        I        L        K        M        F        P        S        T        W        Y        V
 1 A    0.011  -0.0061  -0.0655  -0.1878  -0.1068  -0.0435  -0.1114    0.013   -0.002   0.0308  -0.0069   0.0134   0.1784    0.111  -0.1443   0.0066  -0.0632  -0.0028    0.158   -0.023
 2 A   0.0071  -0.0337  -0.1369  -0.0455  -0.1677   0.0888   0.0199  -0.0697  -0.0508    0.154   0.2879   0.0422   0.2561  -0.0137  -0.0511   0.0142   0.0404   0.0136   0.0216   0.0367
 3 A   0.0316  -0.1399   0.0093   0.0329  -0.0792  -0.0285  -0.1277   -0.034  -0.0485   0.0803   0.0867  -0.1242    0.136   0.1278  -0.0355    0.036  -0.0168   0.0423     0.06    0.019
 4 A   0.0121  -0.0403   0.0208   0.0917   0.0454  -0.0055   0.0796   0.0131   0.0022   0.0198  -0.0442  -0.0223   0.0343  -0.0172   0.0286  -0.0146   0.0427   0.0345   0.0794  -0.0312
 5 A   0.0055  -0.0427   0.0334   0.0724    0.091  -0.0832   0.0234   0.0052   0.0064   0.0993  -0.0005   -0.026   0.0144   0.0664  -0.0531   0.0178  -0.0103    0.145   0.1238   0.0458
 6 A  -0.0246  -0.0785   0.1077  -0.0494   0.0629   0.0092   0.0043  -0.0217   0.0424   0.1227   0.0364  -0.0285   0.0941   0.0835  -0.0126    0.068   0.0851  -0.0346   0.0379   0.0722
 7 A   0.0117  -0.1305  -0.0102  -0.0346  -0.0464  -0.0046   0.0285  -0.0621   0.0199   0.0689  -0.0094  -0.1302   0.0484    0.128    0.036   0.0121   0.0399   0.0961   0.0714   0.0512
 8 A  -0.0506   0.0169  -0.0069  -0.1087   0.0098  -0.0092  -0.0001  -0.0032    -0.08   -0.008   0.0249  -0.0375   -0.054   0.0531   0.0366   0.0056   0.0153   0.0861    0.063  -0.0693
 9 A   0.0775  -0.0581  -0.1595  -0.0172   -0.161  -0.0035   0.0377  -0.0447   0.0527   0.1737    0.181  -0.0859   0.0509  -0.0798  -0.0197   -0.053  -0.0179  -0.0601  -0.0406   0.2558
