            A        R        N        D        C        Q        E        G        H        I        L        K        M        F        P        S        T        W        Y        V
 1 A  -0.1969   -0.079   0.0019   0.0831   0.0162  -0.0533   0.1159  -0.1174   0.0757   0.0333  -0.0611  -0.1815   0.1377   0.0757  -0.2436  -0.0301   0.0806   0.0417   0.1111  -0.1255
 2 A    0.182   -0.307   0.0695   0.0385   -0.131  -0.1387   -0.083  -0.0596   0.0558   0.1106   0.0635  -0.3366  -0.0074   0.0526   0.2054   0.0708   0.2214  -0.0211   0.0569   0.1928
 3 A   0.0644  -0.1379   0.0737  -0.1396   0.0347  -0.0439  -0.0323  -0.1075   0.0204   0.1011  -0.1247  -0.1122   0.1129    0.172  -0.1655   0.0636   0.0461  -0.0492   0.1373  -0.0014
 4 A   0.0551  -0.0545   0.0549  -0.0371  -0.0233   0.0564  -0.0157   0.0255  -0.0263   0.0154  -0.0822   -0.039   0.0021   0.0099   0.0666   0.0444  -0.0016   0.1307   0.0265    0.012
 5 A   0.0626   0.0347    0.078  -0.0345  -0.0226   0.0457  -0.0308  -0.0963  -0.0168   0.1229   0.0505  -0.1375    0.073   0.1764  -0.0646   0.0162   0.0551  -0.0465   0.0655   0.0688
 6 A   0.1027   0.0513   0.0505   0.0086   0.0819   -0.004   0.0391  -0.0038  -0.0104   0.0182  -0.0002   0.0222   0.0841   0.0407  -0.0202  -0.0389    0.067  -0.0152  -0.0609   0.0419
 7 A   0.0332  -0.0741   0.0102  -0.0312   0.0284  -0.0652  -0.0255   0.0091   0.0555  -0.0532  -0.0049  -0.0968   0.0318   0.0519  -0.0095   0.0365   0.0312   0.0331   0.0478   0.0634
 8 A  -0.1327   0.0055   0.0244  -0.1668  -0.0865   0.0281   0.0635   0.0401   0.0245  -0.0269   0.0321   0.0208   0.0571   0.0951  -0.0961   0.0004  -0.0512  -0.0468   0.0002  -0.0103
 9 A  -0.0009    0.417    0.024   0.0658  -0.4263  -0.0963   -0.086  -0.0027  -0.0358  -0.2208  -0.1347   0.3381  -0.0393   0.0194   0.0102   0.0491  -0.1258   0.0218   0.0985  -0.1985
