            A        R        N        D        C        Q        E        G        H        I        L        K        M        F        P        S        T        W        Y        V
 1 A  -0.0084   0.0392  -0.0347   0.0614  -0.2231  -0.1797  -0.0627  -0.0309  -0.3212  -0.0065  -0.1062   0.0892   0.0656    0.075  -0.0077   0.2042  -0.0808   0.0117  -0.0524   0.0035
 2 A   0.0601  -0.2235  -0.0373   0.0385  -0.0721   0.1507  -0.1858  -0.0416   -0.066  -0.0733  -0.0803  -0.0158   0.2447   0.2555  -0.2165  -0.0468  -0.0315   0.2649   0.2768  -0.1314
 3 A   0.0978   0.0477  -0.0315   0.0051  -0.0324  -0.1001   0.0462  -0.0983  -0.0355   0.0929  -0.0174  -0.2117  -0.0577     0.05  -0.1352  -0.0893   0.0472  -0.0626   0.1308   0.0443
 4 A  -0.2094  -0.1521   0.0214  -0.0371    -0.09   0.0638   0.0328  -0.0974   0.0867   0.0371   0.0041  -0.0102   0.0322   0.1385  -0.0019  -0.0866   0.1908  -0.0304   0.0502   0.0484
 5 A   0.0767   0.1633  -0.1674  -0.0302   0.0515   0.0055  -0.0436   0.0619   0.1803   0.1238   -0.165   0.0061    -0.01    0.085  -0.1221  -0.1113   0.1855   0.0733   -0.089  -0.0498
 6 A  -0.0347    0.013   0.1836  -0.1441   0.0873   -0.093  -0.0976  -0.0169   0.0846   0.2557  -0.1965  -0.0334   0.0865   0.0599  -0.0868   0.0719  -0.0276   0.0846   0.0924  -0.0544
 7 A   -0.096  -0.0948    0.027   0.0704  -0.1175  -0.0197  -0.0718  -0.0572  -0.0752  -0.0673  -0.0249   -0.131   0.0122   0.0889   0.1118  -0.0758   0.1196   0.0782   0.1025   0.0494
 8 A   0.0112  -0.1679   0.1052  -0.0974  -0.0911  -0.0257   0.0161   0.0426   0.1217  -0.0682   0.0583   0.1034   0.0143  -0.1413  -0.1384  -0.2119  -0.1638   0.0163   0.0181   0.1296
 9 A   0.1178  -0.2481    0.024   0.0658  -0.0795  -0.0963  -0.3818  -0.3462  -0.3768   0.2769   0.2121   0.0977   0.3037   0.4746  -0.1691   -0.346  -0.2795   0.4794  -0.0661   -0.026
