            A        R        N        D        C        Q        E        G        H        I        L        K        M        F        P        S        T        W        Y        V
 1 A  -0.0066   0.0392  -0.0338   0.0614  -0.2228  -0.1775  -0.0627  -0.0309  -0.3202  -0.0058  -0.1055   0.0914    0.067   0.0745  -0.0069   0.2033    -0.08   0.0117  -0.0527   0.0054
 2 A   0.0601  -0.2238  -0.0373   0.0385  -0.0726   0.1486  -0.1862   -0.042   -0.066  -0.0737  -0.0803  -0.0158   0.2436   0.2538  -0.2169  -0.0471  -0.0314   0.2644   0.2738  -0.1316
 3 A   0.0978   0.0481  -0.0308   0.0046  -0.0323  -0.1003   0.0476  -0.0968   -0.035    0.092  -0.0164  -0.2103  -0.0577   0.0512  -0.1347  -0.0893   0.0467  -0.0616   0.1312   0.0451
 4 A   -0.209  -0.1518   0.0221  -0.0348    -0.09   0.0625   0.0328  -0.0972    0.087    0.038   0.0049  -0.0092   0.0325   0.1383  -0.0006  -0.0851   0.1904  -0.0304   0.0502   0.0482
 5 A   0.0767   0.1633  -0.1624  -0.0302   0.0521   0.0051  -0.0434   0.0619   0.1809    0.124  -0.1641    0.007    -0.01   0.0861  -0.1207    -0.11    0.185   0.0746  -0.0893  -0.0492
 6 A  -0.0347   0.0131   0.1839  -0.1436   0.0877   -0.091  -0.0969  -0.0173   0.0839   0.2553  -0.1951  -0.0325   0.0865   0.0595  -0.0868   0.0713  -0.0276   0.0846    0.091  -0.0531
 7 A   -0.096  -0.0948   0.0271    0.071  -0.1166   -0.019  -0.0708  -0.0568  -0.0752   -0.067  -0.0248  -0.1311   0.0122   0.0884   0.1114  -0.0769   0.1208   0.0791   0.1029   0.0494
 8 A   0.0112  -0.1677    0.106  -0.0961  -0.0911  -0.0248   0.0164   0.0426   0.1228  -0.0677   0.0586   0.1007   0.0155  -0.1399  -0.1382  -0.2111  -0.1618   0.0163   0.0174   0.1298
 9 A   0.1179  -0.2491    0.024   0.0658  -0.0807  -0.0963  -0.3827  -0.3472  -0.3775   0.2742   0.2102   0.0977   0.3025   0.4708  -0.1699  -0.3469  -0.2805   0.4777  -0.0665   -0.026
