            A        R        N        D        C        Q        E        G        H        I        L        K        M        F        P        S        T        W        Y        V
 1 A  -0.1132  -0.0968   0.0127  -0.0249  -0.0115  -0.0845   0.0098  -0.1004   0.0226   0.0182    0.025  -0.0974   0.1878   0.1441   -0.149  -0.0424   0.0537   0.1117   0.0624  -0.0461
 2 A   0.2742  -0.0735  -0.0809    -0.03   0.0866  -0.0389  -0.0274   0.1274  -0.0359   0.0655  -0.0003  -0.1768   0.1212   0.0794   0.2359    0.068  -0.0026  -0.0807   0.0228   0.0656
 3 A   0.0517  -0.0835   0.0268   0.0299  -0.0977  -0.0175   0.0185  -0.0288   0.0973    0.001  -0.0412   -0.056   0.0213   0.0364  -0.0801   0.0284  -0.0057   0.1528    0.025    0.074
 4 A  -0.0111   0.0057   0.0665   0.0425  -0.0308   0.0555  -0.0211   0.0451  -0.0336    0.022  -0.0434   -0.042   0.0506   0.1013   0.0414    0.014   0.0831    0.054  -0.0353   0.0871
 5 A   0.0611   0.0843   0.0026   0.0721   0.0793   0.0888  -0.0099   0.0365   -0.016  -0.0036   0.0425  -0.0945   0.1388   0.0711  -0.0205   0.0552  -0.0393   0.0524   0.0205   0.0407
 6 A   0.0066   0.0108  -0.0123   0.1369  -0.0289   -0.019   0.0666   0.0113  -0.0033   0.0643  -0.0313   0.0432   0.0155   0.0704   0.0583   0.0228   0.0629   0.0386   0.0743   0.1239
 7 A   0.1008  -0.0567   0.0211   0.0123  -0.0924   0.0041     0.02  -0.0287   0.0376   -0.023   0.0533   -0.063   0.0069    0.078  -0.0107   0.0057   0.0755   0.0734   0.0548   0.0375
 8 A   0.1033   0.0019   -0.153  -0.0431   0.0457  -0.0858   0.0282  -0.0187  -0.1288   0.0947   0.0214  -0.0593   0.0203   0.0109   0.1196  -0.0165   0.0544  -0.0433  -0.0043   0.0489
 9 A   0.0073   0.0044   0.0298  -0.0183  -0.0029  -0.0844  -0.1145   -0.168   0.1882  -0.0311   0.0627  -0.0625   0.2322   0.1741  -0.0595  -0.0912  -0.0169   0.0131   0.2642  -0.1201
