            A        R        N        D        C        Q        E        G        H        I        L        K        M        F        P        S        T        W        Y        V
 1 A   0.0306    0.013  -0.0773  -0.1739  -0.0999   -0.038  -0.1001   0.0096  -0.0083   0.0358  -0.0257  -0.0251   0.2318   0.0703  -0.1137   0.0245  -0.0681  -0.0017    0.165  -0.0331
 2 A  -0.0047  -0.0304  -0.1737   -0.078  -0.1289    0.081   0.0376  -0.0554  -0.0559   0.1148   0.3225   0.0243   0.2746  -0.0377  -0.0437  -0.0085   0.0649   0.0066   0.0413   0.0405
 3 A   0.0368  -0.1553  -0.0199   0.0325   -0.056   -0.016  -0.1396  -0.0102  -0.0311    0.087   0.1114  -0.1286    0.125   0.1622  -0.0206   0.0327  -0.0071   0.0364   0.0325   0.0083
 4 A  -0.0341  -0.0282   0.0461    0.113   0.0334  -0.0049   0.1075  -0.0335   -0.036   0.0534  -0.0603   -0.017   0.0665  -0.0348   0.0478   0.0048   0.0487   0.0292   0.1118  -0.0331
 5 A   0.0103  -0.0783    0.086   0.0871   0.1034  -0.0901   0.0572  -0.0101  -0.0044   0.1176  -0.0412   -0.036   0.0172   0.0579  -0.0707   0.0079  -0.0014   0.1771   0.1175   0.0715
 6 A    -0.01  -0.1041    0.113  -0.0451   0.0553   0.0216   0.0427  -0.0225   0.0465   0.1215  -0.0084     0.02   0.1371   0.0918  -0.0504   0.0742   0.0848  -0.0616   0.0323   0.0741
 7 A   0.0191  -0.1263  -0.0089  -0.0348  -0.0607   -0.037   0.0913  -0.0784   0.0013   0.0529  -0.0179  -0.1503   0.0872   0.1576   0.0228   0.0367   0.0578   0.0945   0.0559   0.0743
 8 A  -0.0768   0.0272  -0.0144  -0.1259  -0.0027  -0.0178  -0.0092   0.0368  -0.0793   0.0221   0.0321  -0.0163  -0.0536   0.0521   0.0552  -0.0049    0.014   0.0933   0.0714  -0.0564
 9 A   0.0406  -0.0154  -0.1545   0.0069  -0.1454    0.013   0.0033  -0.0344   0.0637   0.2031   0.1881  -0.1041   0.0702  -0.0977  -0.0303  -0.0482  -0.0365  -0.0605  -0.0765   0.2357
