            A        R        N        D        C        Q        E        G        H        I        L        K        M        F        P        S        T        W        Y        V
 1 A   0.0477   0.0972  -0.0577  -0.0407  -0.0528  -0.0615  -0.0384  -0.0058   0.0085  -0.0231   0.0409   0.0812   0.0229  -0.0853  -0.0752   0.0244  -0.0245  -0.0063  -0.0105   0.0001
 2 A   0.0227  -0.0174   0.0099  -0.0043   0.0753   0.0305  -0.0294   0.0274   0.0095    0.045    0.075  -0.0305   0.0807   0.0604  -0.0751    0.073   0.0535   0.1128   0.0125   0.0398
 3 A  -0.0637   0.1628   0.0719  -0.0284  -0.1552   0.0243  -0.0396  -0.0344   0.1452  -0.0126  -0.0137   0.0528   0.0866   0.0582  -0.0186  -0.0492  -0.0842  -0.0142   0.0312  -0.0063
 4 A   0.0677   0.0431  -0.0375  -0.0334   0.2102   0.0473  -0.0166  -0.0174   0.0545  -0.0425   0.0095    0.046   0.1765  -0.0131   0.0211  -0.0286  -0.0267  -0.0073  -0.0478   0.0108
 5 A   0.0177   0.0444   0.0296   0.0002  -0.0301   0.0167  -0.0035   0.0209   0.0294   0.0115   0.0022     0.04   0.0874   0.0702   0.0196   0.0608   0.0302   0.0539   0.0667   0.0562
 6 A   0.0299   0.1088  -0.0352  -0.0246  -0.0008   0.0145  -0.0271   0.0435    0.099   0.0279   -0.022   0.0018   0.0954   0.0483   0.0395   0.0085   0.1018   0.0757   0.0593   0.0291
 7 A  -0.0167   0.0537   0.0473  -0.0455   0.0315   0.0204  -0.0146   0.0442   0.0484   0.0556   0.0131  -0.0104   0.0715  -0.0031   0.0365  -0.0083  -0.0529  -0.0244  -0.0128   0.0347
 8 A   0.0268  -0.0513   -0.011  -0.0638   0.0401  -0.0719  -0.0388  -0.0163   0.0592  -0.0036   0.0057  -0.0095  -0.0283   0.0654   0.1554   -0.043  -0.0249  -0.0247   0.0086  -0.0133
 9 A   0.0916   0.0193    0.024   0.0136  -0.0823  -0.0738   0.0012   0.0039  -0.1307  -0.0058   0.0168   0.2908  -0.0652  -0.0288   0.0328   0.0088   0.0095   -0.064   0.0507   0.0567
