            A        R        N        D        C        Q        E        G        H        I        L        K        M        F        P        S        T        W        Y        V
 1 A  -0.0607  -0.0476   0.0147   0.0113  -0.0646  -0.0404   0.0819  -0.0489   0.0568  -0.0177  -0.0702  -0.1076   0.0821   0.1316  -0.0383  -0.0309   -0.015   0.0585   -0.002  -0.0483
 2 A   0.0611  -0.0217   0.0505   0.0014   0.0322   0.0126  -0.0441   0.0085  -0.0496   0.0949   0.0461  -0.0248   0.1004  -0.0044   0.0369   0.0404   0.1291  -0.0224  -0.0039   0.1279
 3 A   0.0017  -0.0651   0.0043   -0.004  -0.0582  -0.0232  -0.0221  -0.0249  -0.0204   0.0497   0.0428  -0.0121   0.0794   0.0265  -0.0109  -0.0049   0.0351   0.1147   0.0438  -0.0388
 4 A   0.0323  -0.0039   0.0161   0.0523   0.0542   0.0083   0.0316   0.0183  -0.0249   0.0356  -0.0214  -0.0056   0.0334   0.0307   0.0261   0.0122  -0.0061   0.0513   0.0436   0.0302
 5 A   0.0378   0.0034   0.0202  -0.0073   0.0336   0.0598  -0.0086   0.0204   0.0648   0.0456    0.038  -0.0285   0.0375   0.0239   0.0955   0.0252   0.0152   0.0887   0.0025   0.0572
 6 A   0.0466  -0.0049   0.0528   0.0145   0.0183    0.024  -0.0141   0.0163   0.0076   0.0552   0.0329  -0.0016   0.1446   0.0989   0.0381   0.0334    0.055    0.001    0.025   0.0312
 7 A   0.0035   0.0008  -0.0097   0.0203  -0.0004   0.0076  -0.0237  -0.0417   0.0751   0.0153   0.0164  -0.0197   0.0152   0.0622   0.0519   0.0099    0.019   0.0048   0.0314   0.0313
 8 A  -0.0208  -0.0201   0.0486  -0.0397  -0.0268  -0.0062   0.0137   0.0122   0.0548   0.0022   0.0148  -0.0058  -0.0025   0.0499   0.0112  -0.0281  -0.0613  -0.0046   0.0015  -0.0318
 9 A   0.0293   0.0006  -0.0236  -0.0806   -0.034  -0.0662  -0.0662  -0.0975  -0.0464   0.1032   0.0724   -0.023   0.1529  -0.0019  -0.0535   0.0168   0.1472  -0.0309  -0.0062   0.1803
