            A        R        N        D        C        Q        E        G        H        I        L        K        M        F        P        S        T        W        Y        V
 1 A   0.0213   0.1222   -0.023  -0.0395  -0.0307    0.077  -0.1391   0.0821   0.0478  -0.0467  -0.0831   0.1017  -0.1579  -0.0788  -0.0027   0.1386  -0.0337   0.0117  -0.0382   0.0277
 2 A  -0.0051   0.0937  -0.1179   0.0385   -0.043   0.0507  -0.0798  -0.1626   -0.066   0.0743   0.0029  -0.0158   0.2811  -0.0248   0.0384  -0.0175   0.2128   0.1136   0.1313   0.0971
 3 A   0.0302   0.0326  -0.0609  -0.0009  -0.1233  -0.0589  -0.0797  -0.1053   0.1043   0.0239  -0.0144   0.0768  -0.0278   0.0274   0.1322   0.2028   0.0822  -0.0707  -0.0002   0.0532
 4 A  -0.1008  -0.0588   0.1227   0.0167    -0.09  -0.0741  -0.0319   0.1209    0.121   0.0509  -0.0491   0.1104  -0.0721   0.2138   0.0328   0.0557   0.0689  -0.0304   0.0502   0.0332
 5 A   0.0767   0.0229   -0.136  -0.0324   0.0909   0.0685   0.0593    0.015   0.0481   0.0552   0.0146   0.0827   0.0893   0.0175   0.0959  -0.0107   0.2084   0.1042  -0.2136   0.0489
 6 A  -0.1117   0.1132   0.0385   0.0025   0.0751  -0.0791  -0.1104   0.0293   0.1077   0.0409   0.0816   0.0239   0.1618   0.1284  -0.0868   0.0519   0.0285   0.0846   0.0753   0.0937
 7 A   -0.096    0.006   0.0716   -0.203   0.1421  -0.0369  -0.0521   0.1759  -0.0752  -0.0549  -0.0106   0.0044   0.0125  -0.0036   0.1429  -0.0103    0.199   0.0773   0.0646   0.0089
 8 A   0.0112  -0.0246   0.1038  -0.0296  -0.0911  -0.1802   0.1049   0.0426   0.0868  -0.1066   0.0365   0.0393   0.0054   0.0766   0.2161   -0.123   -0.115   0.0163   0.0212  -0.0124
 9 A   0.0194  -0.0012    0.024   0.0658  -0.0686  -0.0963   -0.086  -0.0027   0.0213   0.0405  -0.0009   0.0977  -0.0239   0.0441   0.0102   0.0491   0.0338   0.0138   0.2385  -0.2171
