            A        R        N        D        C        Q        E        G        H        I        L        K        M        F        P        S        T        W        Y        V
 1 A  -0.0443   0.0794  -0.0384  -0.0876    0.001  -0.0204   -0.029   0.0021   -0.017   0.0861  -0.0299   0.0523  -0.0137  -0.0556  -0.0751  -0.0381  -0.0051  -0.0483   0.0234  -0.0211
 2 A   0.1418  -0.0007  -0.0697  -0.1731  -0.0269  -0.0335   0.0171  -0.0045   0.0111   0.0653   0.0666   0.0077   0.0759   0.0001   0.0465   0.1726   0.1211  -0.0309   0.0043   0.0291
 3 A    0.023  -0.0129   0.0419  -0.0379  -0.0885  -0.0237  -0.0705   -0.008  -0.0224    0.072   0.0427  -0.0726    0.022    0.038  -0.0182   0.0558  -0.0242    0.014   0.0248   0.0299
 4 A   0.0519    0.017  -0.0292   -0.003  -0.0007    0.032   0.0137   0.0029   0.0093   0.0292   0.0061  -0.0177  -0.0032   0.0021   0.0245   0.0061   0.0087   0.0109   0.0531   0.0668
 5 A    0.005  -0.0105   0.0285  -0.0046   0.0618   0.0354   0.0383   0.0102   0.0337   0.0427   0.0034   0.0113   0.0189   0.0047   0.0134   0.0539   0.0461   0.0069   0.0484   0.0415
 6 A   0.0214   -0.006   0.0161   0.0188   0.0033   0.0638  -0.0182   0.0593   0.0938   0.0052   0.0116   0.0067   0.0191   0.0548    0.102   0.0148    0.032   0.0069   0.0469  -0.0176
 7 A   0.0146  -0.0223  -0.0082  -0.0189  -0.0143  -0.0069   0.0512   -0.048   0.0233  -0.0102   0.0432  -0.0241   0.0242   0.0294   0.0318   0.0243   0.0215   0.0347   -0.007   0.0017
 8 A  -0.0228  -0.0196  -0.0022   -0.049   0.0032  -0.0323   0.0417  -0.0337   0.1058   0.0092  -0.0151  -0.0132  -0.0564  -0.0385  -0.0155  -0.0214   -0.017  -0.0312   0.0206   0.0265
 9 A   0.0063  -0.0372  -0.2169  -0.0002  -0.0095   0.0075  -0.0539  -0.0889   0.0432   0.0392   0.0284  -0.0605   0.0165   0.0948  -0.0601  -0.0116  -0.1013    0.376   0.0539   0.0013
