            A        R        N        D        C        Q        E        G        H        I        L        K        M        F        P        S        T        W        Y        V
 1 A   0.0308   0.1336  -0.2061   -0.203  -0.0706   0.0036  -0.0627   0.1176  -0.0336   0.0078  -0.0162   0.0848  -0.0591  -0.0367  -0.2069   0.0806  -0.0165   0.1074   0.0581  -0.0604
 2 A   0.0601   0.0817    0.014   0.0185   0.0158    0.018   0.2587    0.015   0.0129   0.0138  -0.0803   0.0166   0.0142   0.0066   0.0106   0.0156  -0.0185   0.0147  -0.1684    0.014
 3 A     0.01   0.0496   0.0114  -0.1486  -0.0794  -0.0104   0.0817  -0.0433  -0.0424   0.0508   0.0215   0.0729  -0.0577   0.0409  -0.1137  -0.0055   0.1102  -0.0707   0.0062    0.045
 4 A   0.1057  -0.0172   0.0271   0.0234    -0.09  -0.0595   0.0026    0.003   0.0889  -0.0518   0.0264   0.0424  -0.0721   0.0615   0.1321  -0.0669  -0.0572   0.0265   0.0502   0.0495
 5 A   0.1201   0.0705  -0.0827  -0.1789   -0.046   0.0792  -0.0274    0.081  -0.0216  -0.0424  -0.0361   -0.005    -0.01    0.089    0.042   0.0311   0.0119   0.0315   0.3956  -0.0597
 6 A  -0.0331   0.0054  -0.0194  -0.0959   0.0817   0.1825   0.0199   0.0556   0.0382   0.0569  -0.0127   0.0536  -0.0166   0.0067  -0.0139   0.0511    0.029   0.0846   0.0114   0.0113
 7 A   -0.138  -0.0749   0.0005   -0.135   0.1984   0.0078   0.0106    0.066  -0.0752   0.0744    0.025  -0.0651   0.0122    0.065   0.1525  -0.0452   0.0261   0.0625  -0.0269  -0.0564
 8 A  -0.0441  -0.0727  -0.0142  -0.0187  -0.0911  -0.1643   0.0289   -0.005   0.0003  -0.0319   0.0218   0.0207  -0.0531   0.0217   0.0718   0.0488   0.0533   0.0163   0.0636    -0.06
 9 A  -0.0081  -0.1749  -0.1768   0.0658  -0.1733    -0.02  -0.1796   0.0302   0.0213  -0.0163   0.1694  -0.1738   0.2139   0.1517   -0.144   0.0491    0.197  -0.0651   0.0703    0.142
