            A        R        N        D        C        Q        E        G        H        I        L        K        M        F        P        S        T        W        Y        V
 1 A  -0.0327   0.0044   0.0053  -0.0076   -0.043   0.0328  -0.0029  -0.0382  -0.0255   0.0057  -0.0012  -0.0133  -0.0018   0.0213  -0.0424  -0.0237  -0.0147  -0.0204   0.0201  -0.0331
 2 A   0.0671   0.0066   0.0548   0.0035  -0.0063   0.0079  -0.0073   0.1175    0.011   0.0162   0.0253  -0.0019   0.0321   0.0421   0.0372   0.0203   0.0257   0.0125   0.0009   0.0124
 3 A   0.0398   0.0591  -0.0211  -0.0048  -0.0358     0.03  -0.0252  -0.0239  -0.0118   0.0331   0.0172   0.0478  -0.0115   0.0086  -0.0083  -0.0055  -0.0121  -0.0221  -0.0056  -0.0076
 4 A   0.0163   0.0727   0.0287   0.0286   0.0067  -0.0066  -0.0145    0.008    0.057  -0.0281   0.0158   0.0336  -0.0154   0.0376   0.0301  -0.0046   0.0109    0.032   0.0197    0.004
 5 A    0.027   0.0413   0.0245   0.0588   0.0462   0.0501   0.0214   0.0149   0.0027   0.0085   0.0281   0.0011   0.0509   0.0425   -0.002  -0.0064   0.0352   0.0248   0.0291   0.0337
 6 A  -0.0022   0.0501   0.0239   0.0132  -0.0167    0.026    0.039  -0.0041   0.0229   0.0233   0.0575   0.0705   0.0495   0.0621   0.0187   0.0122   0.0404   0.0386   0.0207   0.0296
 7 A   0.0327  -0.0149   0.0333  -0.0306   0.0269   0.0176   0.0441   0.0018  -0.0175  -0.0142  -0.0011   0.0162   0.0214   0.0315  -0.0088   0.0053  -0.0063    0.024   0.0035   0.0285
 8 A   0.0495  -0.0436  -0.0008  -0.0392  -0.0237   0.0093   0.0113  -0.0177  -0.0874   0.0047   0.0017  -0.0281   0.0176  -0.0066   0.0118  -0.0068   0.0094  -0.0305   0.0078   0.0588
 9 A   0.0326  -0.0168  -0.1708  -0.0176  -0.0071   0.0219   0.0052  -0.0488   0.0541   0.0052   0.0631  -0.0053   0.1125   0.0323   -0.012  -0.0229  -0.0074   0.0044   0.0117   0.0523
