            A        R        N        D        C        Q        E        G        H        I        L        K        M        F        P        S        T        W        Y        V
 1 A  -0.0265   0.0861  -0.0376  -0.0503  -0.0589  -0.0677  -0.0352  -0.0183   0.0029  -0.0262  -0.0221  -0.0072  -0.0195  -0.0262  -0.0232   0.0338  -0.0333   0.0256   0.0448   0.0006
 2 A   0.0148   0.2404  -0.0412  -0.0898  -0.0174   0.1205  -0.0074  -0.0213   0.0412  -0.0016   0.0134   0.1184    0.081  -0.0337  -0.0058    0.032     0.01   0.0081  -0.0382  -0.0023
 3 A   0.0396  -0.0021  -0.0237  -0.0168  -0.0335   0.0174   0.0042  -0.0277  -0.0105   0.0142   0.0202  -0.0046  -0.0065   0.0212  -0.0305  -0.0073  -0.0419   0.0102   0.0812   0.0009
 4 A  -0.0006   0.0119   0.0249  -0.0097   0.0255  -0.0007   0.0017   0.0485  -0.0405   0.0244   0.0264   0.0125   0.0252   0.0443   0.0052   0.0387   -0.001   0.0303   0.0217   -0.001
 5 A    0.046   0.0025   0.0268   0.0294  -0.0003   0.0213  -0.0169   0.0243   0.0625   0.0342   0.0312   0.0405   0.0328   0.0209    0.031   0.0132   0.0211   0.0449    0.013   0.0093
 6 A   0.0396   0.0377   0.0532  -0.0076   0.0199   0.0083   0.0361   0.0196   0.0521   0.0424   0.0363   0.0304   0.0049   0.0288   0.0087   0.0366   0.0219   0.0158  -0.0017   0.0491
 7 A   0.0334   0.0408  -0.0015  -0.0312  -0.0343   0.0081  -0.0136   0.0015   0.0081   0.0222   0.0268   0.0372  -0.0259   0.0073  -0.0099   0.0117  -0.0319   0.0294   0.0741  -0.0019
 8 A   -0.007  -0.0298  -0.0208   -0.035    0.019  -0.0123  -0.0332   0.0152   0.0003  -0.0363   0.0264   0.0249  -0.0365  -0.0169   0.0246   0.0377   0.0122  -0.0254    -0.06   0.0107
 9 A  -0.0149   0.0476  -0.0637   -0.006    -0.03   0.0104   0.0228  -0.0347   0.0329  -0.0193   0.0075   0.0908   -0.018   0.0379   -0.001  -0.0211   0.0168  -0.0239   0.0169  -0.0028
