            A        R        N        D        C        Q        E        G        H        I        L        K        M        F        P        S        T        W        Y        V
 1 A   0.0311   0.0134  -0.0768  -0.1734  -0.0994  -0.0375  -0.0996   0.0101  -0.0078   0.0363  -0.0252  -0.0246   0.2323   0.0708  -0.1132    0.025  -0.0676  -0.0012   0.1655  -0.0326
 2 A  -0.0061  -0.0318  -0.1751  -0.0794  -0.1303   0.0795   0.0361  -0.0568  -0.0573   0.1134    0.321   0.0228   0.2732  -0.0391  -0.0452    -0.01   0.0635   0.0053   0.0398    0.039
 3 A   0.0372  -0.1549  -0.0195   0.0329  -0.0556  -0.0156  -0.1392  -0.0098  -0.0306   0.0874   0.1118  -0.1282   0.1254   0.1626  -0.0202   0.0331  -0.0067   0.0368   0.0329   0.0087
 4 A  -0.0337  -0.0278   0.0465   0.1134   0.0337  -0.0045   0.1078  -0.0332  -0.0357   0.0538  -0.0599  -0.0166   0.0669  -0.0345   0.0482   0.0051   0.0491   0.0296   0.1122  -0.0328
 5 A   0.0105  -0.0781   0.0862   0.0872   0.1036  -0.0899   0.0574  -0.0099  -0.0042   0.1178   -0.041  -0.0358   0.0174   0.0581  -0.0705   0.0081  -0.0012   0.1772   0.1177   0.0717
 6 A    -0.01  -0.1041    0.113  -0.0451   0.0553   0.0216   0.0427  -0.0225   0.0465   0.1215  -0.0084     0.02   0.1371   0.0918  -0.0504   0.0742   0.0848  -0.0616   0.0323   0.0741
 7 A   0.0195  -0.1259  -0.0085  -0.0344  -0.0603  -0.0366   0.0917   -0.078   0.0017   0.0533  -0.0175  -0.1499   0.0876    0.158   0.0232   0.0371   0.0582   0.0949   0.0563   0.0747
 8 A  -0.0762   0.0279  -0.0138  -0.1252   -0.002  -0.0172  -0.0085   0.0375  -0.0787   0.0228   0.0328  -0.0157  -0.0529   0.0528   0.0558  -0.0042   0.0146    0.094   0.0721  -0.0558
 9 A   0.0396  -0.0165  -0.1555   0.0059  -0.1464   0.0119   0.0022  -0.0355   0.0626    0.202    0.187  -0.1052   0.0691  -0.0988  -0.0314  -0.0493  -0.0375  -0.0615  -0.0775   0.2346
