            A        R        N        D        C        Q        E        G        H        I        L        K        M        F        P        S        T        W        Y        V
 1 A  -0.0166   0.0441     -0.1  -0.0395  -0.0706  -0.0815  -0.0627  -0.0309  -0.0206   0.0078  -0.0162   0.1382  -0.0591   0.0219  -0.0945  -0.0004  -0.0165   0.0117  -0.0654  -0.0541
 2 A   0.0428   0.0031  -0.0449  -0.1235   0.0416  -0.0756   -0.129   0.0193  -0.1149  -0.0112  -0.0803  -0.0182   0.0627   -0.072  -0.0974   0.2711    0.245   0.0669  -0.0244  -0.0106
 3 A  -0.0075   0.0145    0.004  -0.2783  -0.0794  -0.0104   0.0817   0.0138  -0.0424   0.0253  -0.0961    0.116  -0.0577   0.1078  -0.0017  -0.0893   0.0148  -0.0707    0.021     0.04
 4 A  -0.0795  -0.0172   0.0389  -0.0973    -0.09   0.0609  -0.0352    0.003   0.0889   0.0204   0.0807   0.0247  -0.0721   0.0615   0.0773  -0.0669   0.0855  -0.0304   0.0502  -0.0416
 5 A   0.0767   0.0247   0.0502  -0.0302   -0.046   0.0792    -0.01   0.0049   0.1289  -0.0433  -0.0771  -0.1422    -0.01   0.0157  -0.0184  -0.0526   0.0807   0.0147  -0.0428   0.0707
 6 A  -0.1002   0.0054   0.0772  -0.0285   0.0817   0.0247  -0.0968   0.0859   0.0382   0.0995  -0.0655  -0.1363   0.0865   0.0416  -0.0288  -0.0017   0.0508   0.0846   0.0423   0.0418
 7 A   -0.096  -0.1246  -0.0943  -0.0508    0.072   0.0078  -0.0566   0.0684   0.0242  -0.0442   0.0423  -0.0744   0.0122  -0.0963   0.0601  -0.1023   0.1136  -0.0224   0.0727   0.0512
 8 A   0.0066  -0.0727   -0.088  -0.0757  -0.0911  -0.0785  -0.0549   0.0447   0.0119  -0.0409  -0.0856   0.0935   0.0136  -0.0593  -0.0495   0.0488  -0.1095   0.0163    0.094  -0.0212
 9 A   -0.052  -0.0012  -0.1395  -0.0822  -0.1217  -0.0734  -0.1929  -0.0703  -0.0582   0.0071  -0.0365   0.0977   0.0346   0.1332  -0.1358  -0.0376  -0.1276   0.3848   0.1781  -0.1243
