            A        R        N        D        C        Q        E        G        H        I        L        K        M        F        P        S        T        W        Y        V
 1 A  -0.0456   -0.278  -0.0896  -0.2768  -0.2087  -0.0758   0.1649   -0.031  -0.2728   0.3142   0.1701   0.2291  -0.2584   0.0803  -0.0382   0.1167    0.042   0.0117   0.2461   0.0822
 2 A   0.2387   0.1616  -0.0373   0.0385  -0.0168   0.0206   -0.083  -0.2013  -0.2096  -0.2047   0.0273  -0.0158   0.1264   0.1313   0.0384  -0.0872    0.008   0.0527   0.3041   0.1744
 3 A   0.1682  -0.1718   0.0099  -0.1321   -0.104   0.0048  -0.2097   -0.215   0.0189   0.2423   0.0833   0.0427    0.102   0.1102    0.046   -0.067  -0.1931    0.442  -0.0531   0.0337
 4 A  -0.1171   0.0215   0.0526  -0.1031    0.104  -0.0361  -0.0576   0.1274  -0.1131   0.0481  -0.0472  -0.0064  -0.0173  -0.0892  -0.0723   0.1356   0.0493  -0.0008   0.4235   0.1837
 5 A  -0.0197   -0.045   -0.066   0.0466   0.2131  -0.2076  -0.1737  -0.0217   0.2184    0.106   0.1258   0.0563   0.2026  -0.0787  -0.2395  -0.0704    0.045   0.3151   0.2158   0.0849
 6 A   0.0988   -0.009  -0.1179  -0.1159  -0.2161  -0.0493   0.0313   -0.015   0.1372  -0.1424   0.0258  -0.1141   0.0581   0.1235   0.1872   0.0903   0.2031   0.0846   0.3771   0.0662
 7 A    0.316  -0.0386   0.0584    0.081  -0.1711   0.2199  -0.1564   0.0905   0.0534   0.1023   0.0877   -0.085  -0.4064   0.0166   0.0825   0.0897   0.0084   -0.112   0.0364    0.019
 8 A  -0.2993   0.1181   0.0723   0.0832    -0.27  -0.1175   0.1759   0.0157   0.1393  -0.1463   0.1203  -0.1221   0.1016   -0.046    0.046   -0.146   0.1441    0.071   0.0757   0.0097
 9 A  -0.1646   0.0578    0.024   0.0658  -0.0686  -0.0963   -0.086  -0.0027   0.0213    0.168   0.0908   0.0959  -0.3244   0.1436   0.0102   0.0491   0.0338   0.2285  -0.1032  -0.0138
