            A        R        N        D        C        Q        E        G        H        I        L        K        M        F        P        S        T        W        Y        V
 1 A  -0.0449   0.0788   -0.039  -0.0882   0.0005   -0.021  -0.0296   0.0015  -0.0176   0.0855  -0.0305   0.0517  -0.0143  -0.0562  -0.0757  -0.0387  -0.0057  -0.0489   0.0228  -0.0217
 2 A   0.1426   0.0001   -0.069  -0.1724  -0.0261  -0.0327   0.0179  -0.0037   0.0119   0.0661   0.0674   0.0085   0.0767   0.0009   0.0473   0.1735   0.1219  -0.0303   0.0051   0.0299
 3 A   0.0227  -0.0132   0.0416  -0.0383  -0.0888   -0.024  -0.0708  -0.0083  -0.0227   0.0718   0.0424  -0.0729   0.0217   0.0377  -0.0185   0.0555  -0.0245   0.0137   0.0245   0.0296
 4 A   0.0519    0.017  -0.0292   -0.003  -0.0007    0.032   0.0137   0.0029   0.0093   0.0292   0.0061  -0.0177  -0.0032   0.0021   0.0245   0.0061   0.0087   0.0109   0.0531   0.0668
 5 A   0.0051  -0.0104   0.0287  -0.0044    0.062   0.0355   0.0385   0.0103   0.0339   0.0429   0.0035   0.0114    0.019   0.0049   0.0135   0.0541   0.0462    0.007   0.0485   0.0416
 6 A   0.0217  -0.0057   0.0164   0.0191   0.0036   0.0641  -0.0179   0.0596   0.0941   0.0055   0.0119    0.007   0.0195   0.0551   0.1023   0.0151   0.0323   0.0072   0.0472  -0.0173
 7 A   0.0143  -0.0225  -0.0084  -0.0191  -0.0145  -0.0071    0.051  -0.0482   0.0231  -0.0105   0.0429  -0.0243    0.024   0.0292   0.0316   0.0241   0.0213   0.0345  -0.0072   0.0015
 8 A  -0.0234  -0.0202  -0.0027  -0.0496   0.0026  -0.0329   0.0411  -0.0343   0.1052   0.0086  -0.0157  -0.0138   -0.057  -0.0391  -0.0161   -0.022  -0.0176  -0.0318     0.02   0.0259
 9 A   0.0068  -0.0367  -0.2166   0.0003   -0.009    0.008  -0.0534  -0.0884   0.0437   0.0397   0.0289    -0.06    0.017   0.0953  -0.0596  -0.0111  -0.1008   0.3766   0.0544   0.0018
