            A        R        N        D        C        Q        E        G        H        I        L        K        M        F        P        S        T        W        Y        V
 1 A   0.0371   0.1238  -0.1828  -0.1796  -0.0706  -0.0097  -0.0627   0.1198   -0.039   0.0078  -0.0162   0.0864  -0.0591  -0.0212  -0.1858   0.0817  -0.0165   0.0743   0.0397  -0.0604
 2 A   0.0601   0.0775   0.0139   0.0262   0.0282   0.0293   0.2552   0.0055   0.0092   0.0164  -0.0803    0.017   0.0266   0.0066   0.0052   0.0167  -0.0354   0.0265  -0.1806   0.0248
 3 A   0.0472   0.0496   0.0168  -0.1253  -0.0794  -0.0104   0.0817  -0.0436  -0.0424   0.0195  -0.0037   0.0723  -0.0577   0.0245  -0.0888  -0.0031   0.1059  -0.0707    0.002   0.0481
 4 A   0.0663  -0.0172    0.023   0.0121    -0.09  -0.0463  -0.0006    0.003   0.0889  -0.0499   0.0315    0.043  -0.0721   0.0615   0.1377  -0.0669  -0.0262   0.0277   0.0502   0.0624
 5 A   0.1157   0.0712  -0.0471  -0.1288   -0.046   0.0792  -0.0328   0.0769   -0.014  -0.0292   -0.025   0.0087    -0.01   0.0846   0.0333   0.0335   0.0067   0.0284   0.3132  -0.0612
 6 A  -0.0147   0.0054  -0.0015  -0.0813   0.0817   0.1469   0.0025   0.0524   0.0382    0.057   0.0002   0.0499   0.0038   0.0134  -0.0282   0.0511   0.0291   0.0846   0.0115   0.0101
 7 A  -0.1151  -0.0722  -0.0144   -0.118   0.1963   0.0078   0.0106   0.0657  -0.0752   0.0508   0.0466  -0.0402   0.0122   0.0357   0.1536  -0.0417   0.0185   0.0492  -0.0228  -0.0481
 8 A  -0.0268  -0.0727   -0.035  -0.0174  -0.0911  -0.1629   0.0312   0.0083  -0.0039  -0.0321   0.0224   0.0085  -0.0399   0.0301   0.0745   0.0488   0.0475   0.0163   0.0605  -0.0617
 9 A  -0.0125  -0.1613  -0.1632   0.0658  -0.1626   -0.034  -0.1701   0.0223   0.0213  -0.0195   0.1653   -0.154   0.1734   0.1883  -0.1297   0.0491   0.1763  -0.0774    0.066   0.1527
