            A        R        N        D        C        Q        E        G        H        I        L        K        M        F        P        S        T        W        Y        V
 1 A  -0.0362  -0.0078   0.0105  -0.0113  -0.0494   0.0251   -0.008  -0.0425  -0.0172   0.0108   0.0037  -0.0127  -0.0036   0.0221  -0.0428  -0.0243  -0.0289  -0.0062   0.0125  -0.0345
 2 A   0.0726   0.0067   0.0533   0.0079  -0.0064   0.0084  -0.0071   0.0775    0.008   0.0161   0.0429   -0.002   0.0227   0.0455   0.0523   0.0109   0.0247   0.0115   0.0012   0.0246
 3 A   0.0269   0.0687  -0.0213  -0.0146   -0.036   0.0199  -0.0184  -0.0218  -0.0072   0.0165   0.0089   0.0586  -0.0124   0.0032  -0.0023  -0.0035  -0.0087  -0.0199  -0.0021  -0.0135
 4 A   0.0122   0.0707   0.0184   0.0183    0.004  -0.0067  -0.0132    0.009   0.0451  -0.0217   0.0222   0.0461  -0.0034   0.0361   0.0139   0.0066   0.0113   0.0281   0.0161   0.0057
 5 A   0.0155   0.0542   0.0265   0.0397   0.0469   0.0616   0.0168   0.0127   0.0069   0.0168   0.0181   0.0116   0.0503   0.0369   0.0012  -0.0074   0.0285   0.0272   0.0293   0.0312
 6 A   0.0012   0.0545   0.0315   0.0112  -0.0236   0.0282   0.0186   0.0151   0.0312   0.0226   0.0524   0.0573   0.0468   0.0597   0.0162   0.0112   0.0309   0.0375   0.0258   0.0427
 7 A   0.0245  -0.0115   0.0292  -0.0249   0.0184   0.0113   0.0492  -0.0054  -0.0141  -0.0095   0.0071   0.0144   0.0251   0.0242  -0.0094    0.012  -0.0012   0.0101   0.0035   0.0234
 8 A   0.0412  -0.0326  -0.0154  -0.0384  -0.0227   0.0036   0.0161  -0.0295  -0.0719   0.0146   0.0002  -0.0227   0.0085  -0.0017   -0.001  -0.0098   0.0144  -0.0323  -0.0022   0.0543
 9 A   0.0308  -0.0101  -0.1545  -0.0069  -0.0069   0.0229     -0.0  -0.0453   0.0489   0.0071   0.0526  -0.0081   0.1022   0.0326   -0.025  -0.0148  -0.0011   0.0063   0.0053   0.0404
