            A        R        N        D        C        Q        E        G        H        I        L        K        M        F        P        S        T        W        Y        V
 1 A   0.0176  -0.0142  -0.0128  -0.0568  -0.0042  -0.0457  -0.0058  -0.0594  -0.0515   -0.011  -0.0025   -0.068   0.0133  -0.0073  -0.0247   0.0018  -0.0412   0.0397   0.0503  -0.0687
 2 A   0.1153   0.0396  -0.1011  -0.0921  -0.0196  -0.0404  -0.0207  -0.0584  -0.0143   0.0966   0.0633  -0.0717   0.0359  -0.0396   0.0192   0.1208   0.1248   0.0855   0.0475   0.0716
 3 A   0.0065   0.0147   0.0508    0.082   0.0166  -0.0246  -0.0374  -0.0497  -0.0241   0.0029  -0.0354  -0.0455  -0.0123   -0.014   0.0172   0.0441  -0.0192  -0.0428   0.0186  -0.0348
 4 A   0.0016   0.0311  -0.0048     0.03   0.0191   0.0365   0.0084   0.0248   0.0183  -0.0396   0.0202  -0.0239  -0.0013   -0.038   0.0245   0.0427   0.0813   -0.031   -0.015   0.0302
 5 A   0.0241    0.006   0.0129   0.0229  -0.0191   0.0462   0.0351   0.0016   0.0402  -0.0072   0.0414   0.0232  -0.0107   0.0869  -0.0022   0.0163    0.056  -0.0073   0.0384   0.0185
 6 A   0.0258   0.0198   0.0242   0.0554   -0.006  -0.0144   0.0541   0.0472   0.0673   0.0315   0.0059  -0.0326   0.0117   0.0532  -0.0302   0.0443   0.0502   0.0526  -0.0119   0.0247
 7 A   0.0774   0.0191  -0.0447  -0.0036  -0.1107  -0.0225  -0.0162   0.0161    0.017   0.0022   0.0147  -0.0199   0.0155    0.027   0.0308   0.0108   0.0161   0.0542  -0.0185   0.0047
 8 A     0.01  -0.0433  -0.0756   -0.013  -0.0171  -0.0664  -0.0267  -0.0203   0.0128   0.0235  -0.0037   0.0029   0.0123  -0.0501  -0.0295   0.0031   0.0078  -0.0328   0.0819  -0.0116
 9 A   0.0068  -0.0118    0.024   0.0327   0.0138  -0.1182  -0.0257  -0.0779   0.0189  -0.0106   0.0265  -0.0415    0.019   -0.012   0.0031  -0.0103   -0.008   0.0261    0.092   0.0181
