            A        R        N        D        C        Q        E        G        H        I        L        K        M        F        P        S        T        W        Y        V
 1 A   0.0495   0.1128  -0.0555  -0.0606  -0.0542  -0.0812   -0.035   0.0065   0.0012  -0.0342   0.0656   0.0864   0.0338  -0.0862  -0.0493   0.0091  -0.0219  -0.0245  -0.0033   0.0049
 2 A   0.0038  -0.0246   0.0194  -0.0241   0.0753   0.0138  -0.0069   0.0043   0.0051   0.0336   0.0922  -0.0475   0.0839   0.0654  -0.0705   0.0892   0.0671   0.1455   0.0092   0.0613
 3 A  -0.0799   0.1708   0.0864  -0.0173  -0.1864   0.0154  -0.0471  -0.0338   0.1661   0.0025   -0.006   0.0836   0.0949   0.0554  -0.0228  -0.0379  -0.1007  -0.0094   0.0213  -0.0195
 4 A   0.0868   0.0454  -0.0393  -0.0285   0.2195   0.0604  -0.0212  -0.0253   0.0701    -0.06   0.0198    0.053    0.172   -0.017   0.0204  -0.0253  -0.0166  -0.0019  -0.0504   -0.023
 5 A   0.0299   0.0608    0.026  -0.0257   -0.035   0.0298   -0.013   0.0295   0.0158   0.0167   0.0164   0.0427   0.0913   0.0806   0.0178   0.0578   0.0104   0.0573   0.0642   0.0746
 6 A   0.0139    0.121  -0.0408  -0.0299   0.0156  -0.0037  -0.0375   0.0474   0.0965   0.0311  -0.0201   0.0048   0.0869   0.0356   0.0502   0.0254   0.1023   0.0531   0.0948   0.0505
 7 A  -0.0197   0.0605    0.065   -0.054   0.0289   0.0118  -0.0206   0.0337   0.0464   0.0794   0.0127   -0.022   0.0507   0.0192   0.0477   0.0009  -0.0506  -0.0512   0.0033   0.0489
 8 A   0.0334  -0.0533   0.0021  -0.0703   0.0506  -0.0653  -0.0478  -0.0101   0.0618   0.0045  -0.0037  -0.0001  -0.0312   0.0223   0.1821  -0.0318  -0.0328  -0.0495   0.0303  -0.0079
 9 A   0.0838   0.0316    0.024   0.0226  -0.0869  -0.0644   0.0059   0.0062  -0.1425  -0.0044   0.0158   0.2833  -0.0646  -0.0145   0.0299  -0.0002   0.0074  -0.0743   0.0844     0.05
