            A        R        N        D        C        Q        E        G        H        I        L        K        M        F        P        S        T        W        Y        V
 1 A   0.0919  -0.0643  -0.1407  -0.1798   0.0083     -0.0   -0.108   0.0431  -0.0856  -0.0309   0.0197  -0.0045   0.1146   0.3144  -0.1497   0.0335  -0.0326   0.0242   0.0519  -0.0446
 2 A   0.0321  -0.1216  -0.1412  -0.1834   -0.021   0.0518   -0.083  -0.0341   -0.066   0.1152    0.317  -0.0158   0.3189  -0.0788  -0.2529   0.0427   0.0601   0.0577   0.3204   0.0357
 3 A   0.0834   0.0127  -0.0062  -0.0845  -0.0699  -0.0083  -0.1291  -0.0752  -0.1007   0.0721  -0.0182  -0.0246   0.1072   0.0903  -0.0502   0.0985   0.0988  -0.0214   0.1014   0.0294
 4 A  -0.0138  -0.0946   0.0315   0.1087  -0.0219   0.0627   0.1376   0.0539  -0.0601   0.0751  -0.0464   0.0737  -0.0337   0.0176   0.0591   0.0626   -0.052   0.0275  -0.0305   0.0457
 5 A   0.0299   0.0335   0.0281   0.0459   0.0537   0.0798   0.1003   0.0111   0.1564    0.148   0.0124  -0.0253   -0.029  -0.0731  -0.0527  -0.0055  -0.0781   0.0038   0.1249   0.0359
 6 A    0.001  -0.0736   0.0492   0.0224  -0.0148   0.1025   0.0324  -0.0223   0.0144   0.1152   0.2039  -0.1234   0.0046   0.0779   0.0213   0.1108   0.0907  -0.0945   0.0876   0.0181
 7 A   0.0347  -0.1362   0.0636   0.0309   0.0783  -0.0357   0.0264  -0.0321   0.0731  -0.0359  -0.0415  -0.1578  -0.0234   0.1067  -0.1356  -0.0003   0.1354   0.0698   0.1651   0.0838
 8 A   0.0133  -0.0166   -0.049  -0.1626  -0.0359    0.013   0.0415   0.0466  -0.0843   -0.029   0.0372  -0.0477  -0.0597   0.1428   0.0201   0.0951  -0.0387   0.0488   0.0912  -0.0476
 9 A   0.0944  -0.1252  -0.1358   0.0658  -0.1566  -0.0963   -0.086  -0.0027   0.0213   0.1523   0.2329  -0.1515   0.0848   -0.018   0.0102  -0.0869  -0.0324   0.0545  -0.1059   0.2485
