            A        R        N        D        C        Q        E        G        H        I        L        K        M        F        P        S        T        W        Y        V
 1 A   0.0015   0.0102  -0.0475  -0.1829  -0.0911   -0.043  -0.1359   0.0032  -0.0173   0.0247    0.018   0.0502   0.1158   0.1308  -0.1654  -0.0078  -0.0508  -0.0152   0.1441  -0.0002
 2 A   0.0146  -0.0256   -0.117  -0.0399  -0.1917   0.0962  -0.0024  -0.0682  -0.0583   0.1527   0.2793   0.0607   0.2616  -0.0056   -0.046   0.0264    0.033   0.0203   0.0087   0.0533
 3 A   0.0303  -0.0998   0.0083    0.035  -0.0801  -0.0412  -0.1061  -0.0422  -0.0533   0.0768   0.0571  -0.1251   0.1403   0.0827  -0.0367   0.0364  -0.0366   0.0705   0.0878   0.0085
 4 A   0.0199  -0.0481  -0.0001   0.0868   0.0512   0.0028   0.0642   0.0295   0.0088  -0.0035  -0.0238  -0.0054    0.012  -0.0013   0.0182  -0.0005   0.0269   0.0482   0.0562  -0.0269
 5 A   0.0038  -0.0094  -0.0021   0.0468   0.0623  -0.0487   0.0106   0.0167   0.0184   0.0707   0.0176  -0.0131   0.0095    0.088   -0.039   0.0162  -0.0092   0.1258   0.1218   0.0387
 6 A  -0.0242  -0.0578   0.0611  -0.0366   0.0501   0.0112   0.0018  -0.0165   0.0315   0.1262   0.0813   -0.065   0.0651   0.0865   0.0131   0.0492   0.0763  -0.0071   0.0531   0.0735
 7 A  -0.0011  -0.1029  -0.0306  -0.0325  -0.0147  -0.0071  -0.0032  -0.0667   0.0308    0.062   0.0234  -0.1246   0.0445   0.1346   0.0363  -0.0127   0.0261   0.0976   0.0871   0.0232
 8 A  -0.0205   -0.024    -0.02  -0.0973   0.0118  -0.0053   0.0092    0.001  -0.0927  -0.0192     0.02  -0.0458  -0.0362   0.0629   0.0409   0.0138    0.008   0.0583   0.0614  -0.0643
 9 A    0.103  -0.0747    -0.14  -0.0207  -0.1938  -0.0044   0.0369  -0.0465   0.0323   0.1631   0.1617  -0.0599   0.0523  -0.0398  -0.0075  -0.0576  -0.0001  -0.0659  -0.0307   0.2489
