            A        R        N        D        C        Q        E        G        H        I        L        K        M        F        P        S        T        W        Y        V
 1 A   0.0803   0.1201  -0.0545  -0.0303  -0.0431   0.0251  -0.0694    0.002   0.1771  -0.0042  -0.0495   0.0028   0.1463   0.0719  -0.0244  -0.1205  -0.1328  -0.0221   0.1325   0.0042
 2 A   0.0338  -0.1783  -0.1581  -0.2289  -0.0602   0.2993  -0.0559   0.0033   0.3978   0.0937  -0.1521   0.1701  -0.0578   0.2182   -0.028  -0.0032   0.0801   0.3518   0.2234  -0.0334
 3 A  -0.0928  -0.0784   0.0238  -0.1592  -0.1051   0.1742  -0.0225   0.0041   0.1815   0.0761   0.0538   0.0459   0.1664  -0.0291   0.1912  -0.0577  -0.0078   0.1395  -0.0188   0.0126
 4 A  -0.0356   0.1089   0.1341   0.0133   0.0786  -0.1563   0.1191   0.0105   0.0889   0.1554   0.0915   0.0872   0.0552  -0.0451   0.1025  -0.0051  -0.0029  -0.0607  -0.0825    0.105
 5 A   0.0393  -0.2327   0.1113   0.1008   0.1121   0.0151   0.2128   0.0529   0.0501   0.1821   0.0311  -0.0239  -0.0495   0.0858   0.1085  -0.0769    0.204   0.0458   0.0364  -0.0292
 6 A  -0.0879  -0.0588   0.0617   -0.202   0.1187  -0.1203   0.1337  -0.0447   0.1541  -0.0133    0.277  -0.0606   0.1693   0.1881   0.1061   0.1261   0.0856   0.0223   0.0083   0.1515
 7 A  -0.0261  -0.0992   0.0078   0.0804  -0.1318   0.0569   0.2771   0.0057   0.0211  -0.1228  -0.0667   0.0012  -0.0829  -0.0578   0.1397  -0.0469  -0.0594   0.2153   0.4077   0.1544
 8 A   0.1335   0.0309   0.0639  -0.0929   0.0246     0.12   0.0374  -0.0575   0.2253  -0.3494  -0.1508   0.1692  -0.0012  -0.0042  -0.0442   0.0865   0.2273  -0.1728   0.0292   0.0608
 9 A   0.0988  -0.0771    0.024   0.2594  -0.0834  -0.0616   0.0791   0.0052   0.0287  -0.0217   0.0406  -0.1437  -0.0616   0.1756   -0.159  -0.0359   0.1345   0.6039  -0.0363  -0.1615
