            A        R        N        D        C        Q        E        G        H        I        L        K        M        F        P        S        T        W        Y        V
 1 A   0.0374   0.1242  -0.1835  -0.1809  -0.0706  -0.0095  -0.0627   0.1189  -0.0389   0.0078  -0.0162   0.0859  -0.0591  -0.0217  -0.1865   0.0805  -0.0165   0.0744   0.0396  -0.0604
 2 A   0.0601    0.078    0.016   0.0283   0.0304   0.0315   0.2595   0.0076   0.0114   0.0186  -0.0803    0.019    0.029   0.0066   0.0073   0.0189  -0.0328   0.0287  -0.1804   0.0268
 3 A    0.048   0.0496   0.0164  -0.1265  -0.0794  -0.0104   0.0817  -0.0442  -0.0424   0.0191  -0.0046   0.0715  -0.0577   0.0241  -0.0898  -0.0041   0.1051  -0.0707   0.0023   0.0474
 4 A   0.0659  -0.0172   0.0233   0.0117    -0.09  -0.0464  -0.0009    0.003   0.0889  -0.0508    0.032   0.0425  -0.0721   0.0615   0.1376  -0.0669  -0.0264   0.0274   0.0502   0.0632
 5 A   0.1157   0.0707  -0.0476  -0.1299   -0.046   0.0792  -0.0327   0.0774  -0.0142  -0.0292  -0.0269   0.0082    -0.01   0.0841   0.0328   0.0326   0.0066   0.0286   0.3131  -0.0618
 6 A  -0.0152   0.0054  -0.0025  -0.0828   0.0817   0.1471   0.0017   0.0521   0.0382   0.0565  -0.0006   0.0486    0.004   0.0123  -0.0293   0.0511   0.0279   0.0846   0.0115   0.0095
 7 A  -0.1156  -0.0726  -0.0154  -0.1188   0.1961   0.0078   0.0106   0.0654  -0.0752   0.0503   0.0471  -0.0409   0.0122   0.0349   0.1532  -0.0424   0.0185   0.0495  -0.0237  -0.0487
 8 A  -0.0268  -0.0727  -0.0357  -0.0179  -0.0911  -0.1647   0.0303   0.0076  -0.0036  -0.0327   0.0215   0.0092  -0.0399    0.027   0.0712   0.0488   0.0444   0.0163   0.0603  -0.0661
 9 A  -0.0128  -0.1616  -0.1634   0.0658  -0.1628  -0.0342  -0.1704   0.0222   0.0213  -0.0199   0.1658  -0.1542   0.1737    0.189  -0.1299   0.0491   0.1764  -0.0777   0.0669   0.1528
