            A        R        N        D        C        Q        E        G        H        I        L        K        M        F        P        S        T        W        Y        V
 1 A  -0.0895   -0.094  -0.1214    -0.17  -0.1604  -0.1094   0.0949  -0.1622   -0.114   0.1886   0.0512   0.2017  -0.0339   0.0676  -0.0252    0.107   0.0026   0.0117   0.2038   0.0558
 2 A   0.0727    0.083  -0.0373   0.0385   0.0996   0.0027   -0.083  -0.1199  -0.1372  -0.0029  -0.0534  -0.0158   0.1629   0.1035   0.0384  -0.0612    0.072   0.0971   0.3014   0.0529
 3 A   0.2074  -0.1051  -0.0395  -0.1104   -0.086   0.0221  -0.1363  -0.1121   0.0486   0.1458   0.1179   0.0403   0.1083  -0.0587   0.0211   0.0308  -0.0255   0.1133   0.0159  -0.0244
 4 A  -0.0455   0.0295   0.0379   -0.065   0.0623  -0.0336  -0.0766   0.0213  -0.0017   0.0218   0.0379   -0.003  -0.0742   0.0105   0.0321   0.0708   0.1852  -0.0215   0.2188    0.071
 5 A   0.0504   0.0145   0.0063   0.0547   0.1277  -0.0156  -0.1482  -0.0285   0.1683   0.0877   0.0775  -0.0067   0.0622  -0.0433  -0.1092  -0.0188   0.0584   0.1817   0.0404   0.1297
 6 A    0.013   0.0585  -0.0552  -0.1346  -0.1021   0.0013  -0.0185  -0.0266    0.068  -0.0572   0.0468  -0.1713   0.1504   0.1574   0.1224   0.0964   0.1319   0.0846   0.2437   0.1279
 7 A   0.0497  -0.0358   0.0853  -0.0043  -0.0655   0.1176  -0.0291   0.0016   0.0809  -0.0071   0.1206  -0.1152  -0.1856    0.094   0.1208   0.0263   0.0352  -0.0457     0.09  -0.0048
 8 A  -0.0889   0.0807   0.0637  -0.0357  -0.0097  -0.0807   0.0615  -0.0666   0.0963  -0.1614   0.1017  -0.1123  -0.0015   0.0026  -0.0078  -0.0253   0.0765   0.0776  -0.0006   0.0536
 9 A  -0.0855   0.0103    0.024   0.0658  -0.0686  -0.0963   -0.086  -0.0027   0.0213   0.1557   0.0405   0.0936  -0.1831    0.224   0.0102   0.0491   0.0338   0.1338  -0.1803   0.0647
