            A        R        N        D        C        Q        E        G        H        I        L        K        M        F        P        S        T        W        Y        V
 1 A  -0.0377  -0.0054   0.0084  -0.0106  -0.0493   0.0271  -0.0075  -0.0419  -0.0196   0.0088   0.0032  -0.0131  -0.0036   0.0199  -0.0436  -0.0237  -0.0263  -0.0094   0.0128  -0.0351
 2 A    0.073   0.0076   0.0534   0.0067  -0.0065   0.0089   -0.008   0.0889   0.0096   0.0163   0.0389  -0.0018   0.0257   0.0449   0.0478   0.0132   0.0263   0.0125   0.0023   0.0222
 3 A   0.0287   0.0654  -0.0207  -0.0125  -0.0355   0.0229  -0.0198  -0.0221  -0.0077   0.0212   0.0107    0.055  -0.0129   0.0044  -0.0028  -0.0045  -0.0107  -0.0212  -0.0031  -0.0124
 4 A    0.014   0.0725   0.0218   0.0214   0.0046  -0.0064  -0.0145   0.0084   0.0468  -0.0241   0.0205   0.0428  -0.0065   0.0367   0.0178    0.005   0.0115   0.0291   0.0173    0.005
 5 A   0.0182    0.051   0.0268   0.0458   0.0479   0.0592   0.0184   0.0136   0.0051   0.0153   0.0206   0.0088    0.051   0.0391  -0.0003  -0.0063   0.0294   0.0281   0.0299   0.0324
 6 A   0.0004   0.0541   0.0302   0.0133  -0.0217   0.0288   0.0241   0.0116   0.0286   0.0223   0.0539   0.0615   0.0482   0.0603   0.0175   0.0125   0.0344   0.0381   0.0249   0.0399
 7 A   0.0254   -0.012   0.0311  -0.0265   0.0195   0.0132   0.0475  -0.0041  -0.0158  -0.0108   0.0058   0.0152   0.0233   0.0262  -0.0084   0.0107  -0.0023   0.0127   0.0031   0.0248
 8 A   0.0425  -0.0362  -0.0133  -0.0399  -0.0235    0.005   0.0146  -0.0279  -0.0766   0.0124     -0.0  -0.0244   0.0107   -0.002   0.0024   -0.009   0.0121  -0.0329   0.0007   0.0554
 9 A   0.0301  -0.0119  -0.1606  -0.0091  -0.0059   0.0224   0.0016  -0.0457   0.0512   0.0066   0.0562  -0.0065   0.1047   0.0324  -0.0206  -0.0157  -0.0025   0.0063   0.0074   0.0425
