            A        R        N        D        C        Q        E        G        H        I        L        K        M        F        P        S        T        W        Y        V
 1 A   0.0571   0.0581  -0.0071   -0.036  -0.0706  -0.0058  -0.0627   0.0454  -0.0511   0.0078  -0.0162   0.0761  -0.0591  -0.0825  -0.1583   0.0503   0.0651   0.0425  -0.0274  -0.1337
 2 A   0.0601   0.0373  -0.0098   0.0178   0.0283   0.0789   0.2392  -0.0263  -0.0171   0.0192  -0.0254  -0.0158   0.0386   0.0063   0.0043  -0.0234  -0.0051   0.0669  -0.0757   0.0234
 3 A   0.1172   0.0496   0.0625  -0.0439  -0.0794  -0.0104   0.0817  -0.0413  -0.0424  -0.0294  -0.1021  -0.0407  -0.0577   0.0286  -0.0245   0.0212   0.0276  -0.0707   0.0265   0.0917
 4 A    -0.06  -0.0172   0.0806  -0.0249    -0.09   -0.044  -0.0091   0.0444   0.0889   0.0263     0.14   0.0747  -0.0721   0.0971  -0.0132  -0.0669    0.059   0.0134   0.0502  -0.0126
 5 A   0.0706   0.0267   0.0214   0.0609   -0.046   0.0756  -0.0196   0.0862   0.0469  -0.0269  -0.0575   0.0585    -0.01   0.0247    0.067   0.0165   0.0346  -0.0134   0.0837  -0.0191
 6 A  -0.0591   0.0054   0.0798   0.0567   0.0564   0.0625  -0.0979    0.044   0.0536   0.1528  -0.0662  -0.0128   0.0501  -0.0027  -0.0367   0.0511   0.1072   0.0846   0.0881  -0.0836
 7 A  -0.1145  -0.0533  -0.0478   -0.076    0.135   0.0078   0.0106   0.0684  -0.0752   0.0048    0.094   0.0054   0.0122  -0.0249    0.145  -0.0123  -0.0394   0.0533  -0.0291   0.0587
 8 A  -0.0125  -0.0727  -0.0725  -0.0319  -0.0911   0.0404  -0.0111   0.0062   0.0052  -0.0902   0.0082  -0.0326  -0.0376   0.0236  -0.0152   0.0488   0.0734   0.0163   0.0935  -0.0368
 9 A  -0.0217  -0.0647  -0.0243  -0.0526  -0.1027  -0.0212  -0.1146  -0.0108   0.0213   0.0741   0.0191  -0.0541   0.1434   0.1524   0.0102   -0.041   0.0338   0.0424   0.0958   -0.059
