            A        R        N        D        C        Q        E        G        H        I        L        K        M        F        P        S        T        W        Y        V
 1 A   0.0175   0.1023  -0.0844  -0.1206  -0.0297  -0.0291  -0.0802  -0.0102   0.0211  -0.0239  -0.0173   0.1477    0.046   -0.019  -0.0782   0.0171   0.0306  -0.0185  -0.0367    0.002
 2 A   0.0935  -0.0741   0.0139   -0.127   -0.087   0.0824  -0.0438   0.0125  -0.0084   0.0359     0.06  -0.0318   0.1407   0.1426  -0.0093   0.1044   0.1135  -0.0738   0.1549   0.0715
 3 A   -0.044   0.0101   0.0418  -0.0859   0.0794   0.0058   -0.067  -0.0653   0.0442  -0.0017   0.0198   0.0585   0.0462   0.0438  -0.0703  -0.0319   0.0399   0.1009   0.0441  -0.0593
 4 A   0.0064   0.0549   0.0288    0.035   0.0426  -0.0711  -0.0258  -0.0439   0.0583   0.0235   -0.005     0.03   0.0475   0.0279   0.0353   0.0474   0.0086   0.0694   0.0117   0.0303
 5 A   0.0012   0.0843  -0.0094  -0.0294   0.0751   0.0084  -0.0645   0.0128    0.052   0.0797   0.0687   0.0326   0.0402   0.0661    0.014   0.0303   0.0352   0.0292   0.0739   0.0229
 6 A  -0.0473   0.0887   0.0105  -0.0195   0.0213   0.0301  -0.0668   0.0214   0.0864   0.0704   0.0781   0.0503   0.0373   0.0974   0.0167   0.0222   0.0409   0.0356   0.0831   0.0167
 7 A    0.041   0.0105  -0.0272  -0.0744   0.0299  -0.0037   -0.038  -0.0097   0.0678   0.0038     0.01  -0.0681   0.0089   0.1152  -0.0257   0.0146   0.0071   0.0718   0.1248   0.0071
 8 A   0.0222   0.0191   0.0193  -0.0889  -0.0747   0.0043   0.0009  -0.0362  -0.0182  -0.0057   0.0279  -0.0179  -0.0363   0.0778   0.0239  -0.0471   0.0303  -0.0392   0.0884   0.0052
 9 A  -0.0297   0.4087  -0.0974  -0.0005  -0.1021  -0.0729   0.0367  -0.0811    0.055  -0.0463   0.0022   0.1667   0.0274   0.0276   -0.026  -0.0354  -0.0679  -0.0341   0.0344   0.0026
