            A        R        N        D        C        Q        E        G        H        I        L        K        M        F        P        S        T        W        Y        V
 1 A  -0.0523  -0.0597  -0.0049   0.0079  -0.0484  -0.0376   0.0592  -0.0188   0.0603  -0.0144  -0.0573  -0.0976   0.0806    0.155  -0.0303  -0.0302  -0.0157   0.0484   0.0232  -0.0364
 2 A   0.1155   0.0038   0.1357   0.0068   0.0349   0.0461  -0.0079   0.0021  -0.0576   0.0321   0.0393  -0.0355   0.0995   0.0071   0.0626   0.0197   0.1332  -0.1381  -0.0213   0.1108
 3 A  -0.0033  -0.0374   0.0143  -0.0307  -0.0884  -0.0065  -0.0285   -0.059  -0.0138   0.0742   0.0441   0.0006   0.1029   0.0231  -0.0108  -0.0135   0.0712   0.1001    0.066  -0.0298
 4 A    0.077   0.0141    0.028    0.068   0.0195   0.0073   0.0025   0.0024   0.0004   0.0219  -0.0316  -0.0201   0.0311   0.0675    0.023   0.0428  -0.0025   0.0641   0.0267   0.0168
 5 A   0.0295   0.0087  -0.0075   0.0098   0.0267    0.056   0.0145   0.0265   0.0446   0.0526   0.0132  -0.0185   0.0763   0.0262   0.1073   0.0617  -0.0386   0.0612   0.0447   0.0632
 6 A   0.0221   0.0017   0.0496  -0.0277   0.0267   0.0421   -0.058   0.0552    -0.01   0.0703   0.0401   -0.027   0.1661   0.1444   0.0402   0.0274   0.0282    0.019   0.0507   0.0459
 7 A   0.0048  -0.0246   0.0211   0.0074   0.0215  -0.0199    0.011  -0.0147   0.0972  -0.0058  -0.0104  -0.0008   0.0355   0.0702   0.0341   0.0099   0.0103   -0.006   0.0364   0.0432
 8 A   0.0027  -0.0187   0.0289  -0.0389    -0.03  -0.0076  -0.0008  -0.0112   0.0629   0.0085   0.0184   -0.003  -0.0191   0.0547   0.0321  -0.0052   -0.038  -0.0026   0.0096  -0.0068
 9 A   0.0663   0.0147  -0.0575  -0.0684  -0.0581   -0.043  -0.0635  -0.1356  -0.0487    0.108   0.0885  -0.0388    0.181  -0.0056  -0.0191   0.0209   0.1934  -0.0393  -0.0057   0.1112
