            A        R        N        D        C        Q        E        G        H        I        L        K        M        F        P        S        T        W        Y        V
 1 A   0.0197   -0.012  -0.0106  -0.0547   -0.002  -0.0436  -0.0037  -0.0572  -0.0494  -0.0089  -0.0003  -0.0658   0.0155  -0.0052  -0.0226   0.0039  -0.0391   0.0418   0.0524  -0.0666
 2 A    0.113   0.0374  -0.1032  -0.0942  -0.0218  -0.0426  -0.0229  -0.0606  -0.0165   0.0944   0.0611  -0.0738   0.0337  -0.0417   0.0169   0.1185   0.1225   0.0834   0.0453   0.0694
 3 A   0.0071   0.0153   0.0514   0.0826   0.0172  -0.0239  -0.0368  -0.0491  -0.0235   0.0035  -0.0348  -0.0449  -0.0117  -0.0134   0.0178   0.0447  -0.0186  -0.0422   0.0192  -0.0342
 4 A   0.0019   0.0315  -0.0045   0.0303   0.0195   0.0368   0.0087   0.0252   0.0186  -0.0393   0.0205  -0.0236   -0.001  -0.0376   0.0249    0.043   0.0816  -0.0307  -0.0147   0.0305
 5 A   0.0236   0.0055   0.0125   0.0225  -0.0196   0.0457   0.0346   0.0012   0.0397  -0.0077   0.0409   0.0227  -0.0112   0.0864  -0.0027   0.0158   0.0556  -0.0078   0.0379    0.018
 6 A   0.0252   0.0192   0.0235   0.0548  -0.0066   -0.015   0.0534   0.0465   0.0667   0.0309   0.0052  -0.0332   0.0111   0.0525  -0.0308   0.0436   0.0495    0.052  -0.0125   0.0241
 7 A   0.0779   0.0196  -0.0442  -0.0031  -0.1103  -0.0221  -0.0158   0.0165   0.0174   0.0026   0.0152  -0.0195    0.016   0.0274   0.0313   0.0112   0.0165   0.0546  -0.0181   0.0051
 8 A   0.0115  -0.0417  -0.0741  -0.0115  -0.0156  -0.0649  -0.0252  -0.0188   0.0143    0.025  -0.0022   0.0044   0.0138  -0.0486   -0.028   0.0046   0.0093  -0.0313   0.0834  -0.0101
 9 A   0.0051  -0.0135    0.024    0.031   0.0122  -0.1198  -0.0273  -0.0795   0.0172  -0.0123   0.0248  -0.0432   0.0174  -0.0137   0.0014  -0.0119  -0.0097   0.0244   0.0903   0.0164
