            A        R        N        D        C        Q        E        G        H        I        L        K        M        F        P        S        T        W        Y        V
 1 A   0.0415  -0.0363  -0.0666  -0.2338  -0.0143  -0.0034  -0.1449  -0.0115  -0.0526   0.0144   0.0093   0.0336   0.1416   0.2512  -0.1662   0.0423  -0.0629  -0.0128   0.0958  -0.0683
 2 A    0.038  -0.0832  -0.1533  -0.0905  -0.0226   0.0918   -0.083  -0.0004   -0.066   0.1297   0.3246  -0.0158   0.2963  -0.0071  -0.2485   0.0021   0.0581   0.0463    0.154   0.0959
 3 A   0.1053  -0.0202    0.028  -0.0214  -0.0452  -0.0529  -0.0898  -0.0261  -0.0874    0.043  -0.0537   -0.064   0.1406   0.0959  -0.0178   0.0865  -0.0031  -0.0702   0.0716   0.0069
 4 A   0.0494  -0.0498  -0.0082   0.1134   0.0254   0.0244     0.08   0.0314  -0.0247    0.012  -0.0126   0.0037  -0.0226   0.0398    0.056   0.0366  -0.0275   0.0008  -0.0183    0.019
 5 A   0.0506   -0.011   0.0127   0.0184    0.048   0.0255   0.0604   0.0283   0.0832   0.1284   0.0494  -0.0294   0.0074   0.0347  -0.0937   0.0181  -0.0235   0.0193    0.071   0.0413
 6 A   0.0063  -0.0331   0.0568    0.007   0.0186   0.0903   0.0089  -0.0466   0.0285   0.1039   0.1276  -0.0867   0.0599   0.0878   0.0037   0.0488   0.0792  -0.1041   0.0875   0.0423
 7 A   0.0111   -0.109   0.0443    0.033  -0.0034   0.0003   0.0006  -0.0272   0.0365  -0.0403  -0.0066  -0.1451    0.025   0.0968   -0.105   0.0039   0.0803   0.1147   0.1215   0.0519
 8 A   0.0146  -0.0361  -0.0064  -0.1434   -0.029    0.018     0.02    0.024  -0.0925  -0.0363   0.0127  -0.0779  -0.0626   0.0766    0.054   0.0477  -0.0344   0.0505   0.1245  -0.0496
 9 A   0.1288  -0.1062  -0.0757   0.0658  -0.1826  -0.0963   -0.086  -0.0027   0.0213   0.1454    0.219  -0.1072   0.0588  -0.0043   0.0102  -0.0534  -0.0059   0.0283  -0.1271   0.2388
