            A        R        N        D        C        Q        E        G        H        I        L        K        M        F        P        S        T        W        Y        V
 1 A  -0.0439  -0.0532   0.0053   0.0016  -0.0606  -0.0387   0.0645   -0.033   0.0603  -0.0271  -0.0691  -0.1001   0.0798   0.1485  -0.0367  -0.0338  -0.0197   0.0519   0.0113   -0.043
 2 A   0.0872  -0.0103   0.1311   -0.001   0.0285   0.0291  -0.0322    0.019  -0.0518   0.0681    0.047  -0.0261    0.098    0.004   0.0546   0.0291   0.1203   -0.116   -0.005   0.1166
 3 A   0.0018  -0.0588   0.0087  -0.0169  -0.0704  -0.0134  -0.0235  -0.0417  -0.0193   0.0495   0.0418   0.0016   0.0915   0.0273  -0.0073  -0.0063   0.0478   0.1036   0.0516  -0.0346
 4 A   0.0572  -0.0015   0.0129   0.0678   0.0429   0.0135   0.0184   0.0116   -0.018   0.0227   -0.026  -0.0041    0.026   0.0424   0.0107   0.0357  -0.0036   0.0562   0.0446   0.0245
 5 A   0.0372   0.0092   0.0026  -0.0004   0.0341   0.0641   0.0036    0.024   0.0597   0.0477   0.0319   -0.025   0.0512   0.0276   0.1056   0.0397  -0.0161   0.0741   0.0164   0.0573
 6 A   0.0405   0.0013   0.0541   0.0016   0.0259   0.0337  -0.0339   0.0361  -0.0039   0.0641   0.0349  -0.0064   0.1567   0.1169   0.0342   0.0271   0.0382   0.0093   0.0326   0.0312
 7 A  -0.0006  -0.0133   0.0054   0.0142    0.009  -0.0062  -0.0002  -0.0237   0.0864   0.0022   0.0025  -0.0068   0.0192    0.067   0.0477   0.0177   0.0161  -0.0067   0.0237   0.0349
 8 A  -0.0161  -0.0221    0.037  -0.0434  -0.0288  -0.0087   0.0115   0.0124   0.0621   0.0063     0.02  -0.0009  -0.0179   0.0567     0.01  -0.0187  -0.0599  -0.0102   0.0126  -0.0211
 9 A   0.0485   0.0039  -0.0527  -0.0792  -0.0456  -0.0573   -0.064  -0.1126  -0.0456    0.102    0.073  -0.0242   0.1799   0.0005  -0.0351   0.0307   0.1716   -0.038  -0.0073    0.143
