            A        R        N        D        C        Q        E        G        H        I        L        K        M        F        P        S        T        W        Y        V
 1 A  -0.0142   0.0202  -0.0847  -0.0946   -0.066  -0.0837  -0.0078    0.014   0.0042   0.0558   0.0324   0.0215   0.0239   0.0159  -0.0067  -0.0247  -0.0769   0.0186    0.035  -0.0213
 2 A    0.043  -0.0274  -0.0225   -0.019  -0.0184   0.0056  -0.0098  -0.0148  -0.0488   0.0253   0.0147  -0.0413   0.0396   0.0372   0.3544   0.0053   0.0006   0.0383  -0.0044   0.0246
 3 A     0.05     0.06    0.026   0.0097   0.0524  -0.0311   0.0139  -0.0036  -0.0194  -0.0224  -0.1026  -0.0249   0.0184   -0.009   0.0399   0.0222  -0.0639  -0.0037    0.038  -0.0176
 4 A   0.0233   0.0121  -0.0462   0.0158    -0.04   0.0123  -0.0141   0.0408    0.061  -0.0175    0.006   0.0448   0.0155    0.025  -0.0086  -0.0318   0.0599   0.0958   0.0069   0.0575
 5 A  -0.0046    0.099   0.0409  -0.0437   0.0178  -0.0044   0.0158   0.1004   -0.044  -0.0097   0.0133   0.0631   0.0835  -0.0253   0.0538   0.0612   0.0272   0.0128   0.0533   0.0034
 6 A  -0.0879   0.1322   0.0549   0.0216  -0.0452   0.0152   0.0525   0.0791   0.0057  -0.0188    0.013   0.0683   0.0493   0.0168   0.0488  -0.0023   0.0462   0.0233   0.0336   0.0515
 7 A   0.0327  -0.0137  -0.0031  -0.0525  -0.0185  -0.0214   -0.024   0.0155  -0.0161   0.0365   0.0291  -0.0203   0.0187   0.0554   0.0058   0.0098   0.0379   0.0275   0.0302   0.0446
 8 A   0.0492  -0.0362  -0.1171    0.014  -0.0706   0.0111  -0.0049   0.0104  -0.0399    0.023  -0.0309   0.0143   0.0196  -0.0059   0.0732   0.0126  -0.0216  -0.0188   -0.028   0.0242
 9 A  -0.0297  -0.0482  -0.1426   0.0619  -0.0304   0.0176   0.0253  -0.0102   0.0791   -0.006   0.0928  -0.0344   0.1856   0.0635  -0.0095  -0.0626  -0.0527   0.0088  -0.0379  -0.0009
