            A        R        N        D        C        Q        E        G        H        I        L        K        M        F        P        S        T        W        Y        V
 1 A  -0.0273  -0.0102   0.0169  -0.0164  -0.0472   0.0117  -0.0081  -0.0433  -0.0162   0.0131   0.0014   -0.018  -0.0087   0.0312  -0.0433  -0.0295  -0.0326  -0.0083   0.0125  -0.0319
 2 A   0.0648   0.0073    0.052   0.0171   0.0023   0.0078   0.0016   0.0398   0.0086   0.0171   0.0505  -0.0005   0.0168    0.049   0.0673   0.0105   0.0155    0.026  -0.0019   0.0302
 3 A   0.0237   0.0732  -0.0236  -0.0166  -0.0463   0.0128  -0.0163  -0.0238  -0.0067   0.0018   0.0059   0.0714  -0.0071  -0.0018  -0.0052  -0.0006  -0.0024  -0.0078   0.0018  -0.0141
 4 A   0.0066   0.0597   0.0092   0.0054  -0.0016  -0.0041  -0.0041   0.0095   0.0484  -0.0101   0.0296   0.0563  -0.0006   0.0412   0.0075   0.0086   0.0103   0.0242    0.015   0.0104
 5 A   0.0106   0.0671   0.0306   0.0197   0.0434   0.0678   0.0087   0.0118    0.022   0.0202   0.0171   0.0269    0.049   0.0282   0.0071  -0.0046   0.0305    0.022    0.023   0.0326
 6 A   0.0113   0.0577   0.0351   0.0071  -0.0264   0.0262    0.007   0.0255   0.0483    0.029   0.0463   0.0465   0.0429   0.0621   0.0102   0.0115   0.0246   0.0391   0.0305   0.0493
 7 A    0.029  -0.0091   0.0134  -0.0234   0.0185   0.0048    0.048  -0.0072  -0.0059  -0.0012   0.0153     0.01    0.028   0.0208  -0.0112    0.009  -0.0001   0.0055   0.0061   0.0246
 8 A   0.0339  -0.0252  -0.0147  -0.0345  -0.0201  -0.0019   0.0169  -0.0291   -0.054   0.0199   0.0004  -0.0155  -0.0009  -0.0077  -0.0132  -0.0069    0.013  -0.0314  -0.0126   0.0476
 9 A   0.0302  -0.0086  -0.0756   0.0081  -0.0204   0.0227  -0.0025  -0.0464   0.0362   0.0125   0.0463  -0.0143   0.1007   0.0315  -0.0422  -0.0149  -0.0058  -0.0023  -0.0046   0.0304
