            A        R        N        D        C        Q        E        G        H        I        L        K        M        F        P        S        T        W        Y        V
 1 A  -0.0166   0.0441     -0.1  -0.0395  -0.0706  -0.0815  -0.0627  -0.0309  -0.0206   0.0078  -0.0162   0.1469  -0.0591   0.0248  -0.0945   0.0025  -0.0165   0.0117  -0.0889  -0.0552
 2 A   0.0523   0.0142  -0.0292  -0.1095   0.0524  -0.0628  -0.1161   0.0316  -0.1008  -0.0064  -0.0803  -0.0077   0.0674  -0.0612  -0.0852   0.2704    0.225   0.0669  -0.0146   0.0041
 3 A  -0.0277   0.0178   0.0239  -0.2612  -0.0794  -0.0104   0.0817   0.0112  -0.0424   0.0229  -0.0961   0.1209  -0.0577   0.1158  -0.0017  -0.0893   0.0148  -0.0707   0.0218     0.04
 4 A  -0.0795  -0.0172   0.0389  -0.0964    -0.09   0.0591  -0.0344    0.003   0.0889   0.0212   0.0807   0.0448  -0.0721   0.0615   0.0758  -0.0669   0.0855  -0.0304   0.0502  -0.0655
 5 A   0.0767   0.0247   0.0502  -0.0302   -0.046   0.0792  -0.0099   0.0105   0.1283  -0.0427  -0.0771  -0.0697    -0.01   0.0157  -0.0184  -0.0526   0.0807   0.0147  -0.0463   0.1006
 6 A  -0.1008   0.0054   0.0772  -0.0285   0.0817   0.0247  -0.0968   0.0859   0.0382   0.0995  -0.0655  -0.1157   0.0865   0.0429  -0.0413   0.0006   0.0508   0.0846   0.0423   0.0415
 7 A   -0.096  -0.1245  -0.0943  -0.0508    0.072   0.0078  -0.0562   0.0684   0.0217  -0.0442   0.0653  -0.0173   0.0122  -0.0963   0.0601  -0.1023   0.1127  -0.0224   0.0727   0.0528
 8 A   0.0087  -0.0727   -0.088  -0.0757  -0.0911  -0.0785  -0.0549   0.0461   0.0119  -0.0444  -0.0856   0.0935   0.0136  -0.0593  -0.0495   0.0488  -0.1097   0.0163    0.094   0.0147
 9 A   -0.052  -0.0012  -0.1267  -0.0715  -0.1085  -0.0621  -0.1809  -0.0584   -0.046   0.0163  -0.0365   0.0977   0.0459   0.1461  -0.1237  -0.0243  -0.1144    0.382   0.1583   -0.114
