            A        R        N        D        C        Q        E        G        H        I        L        K        M        F        P        S        T        W        Y        V
 1 A  -0.0295   0.0781  -0.0329  -0.0964  -0.0008  -0.0412  -0.0318    0.004   -0.006   0.1026  -0.0113   0.0389   -0.007  -0.0573  -0.0772  -0.0269   0.0131  -0.0559   0.0474  -0.0069
 2 A   0.1299  -0.0077  -0.0775  -0.1785  -0.0192   -0.039   0.0222  -0.0075   0.0196   0.0711   0.0577   0.0197   0.0923   0.0029   0.0437   0.1844   0.1349   -0.001   0.0009    0.016
 3 A   0.0325  -0.0137   0.0327  -0.0332  -0.0925  -0.0159  -0.0639  -0.0082  -0.0143   0.0907   0.0332  -0.0592   0.0367   0.0289   0.0013   0.0532  -0.0231   0.0085   0.0417   0.0241
 4 A   0.0804     0.02  -0.0236  -0.0029   0.0023   0.0362   0.0294   0.0235   0.0119   0.0315   0.0305  -0.0389  -0.0023   -0.009   0.0207   0.0118  -0.0017   0.0141   0.0527   0.0607
 5 A   0.0188   -0.009   0.0308  -0.0183   0.0568    0.027   0.0395   0.0207   0.0493   0.0757  -0.0005  -0.0151   0.0364  -0.0053   0.0285   0.0718   0.0445   0.0103   0.0474   0.0431
 6 A   0.0248  -0.0073   0.0223   0.0225   0.0179   0.0903  -0.0385   0.0797   0.0967  -0.0057  -0.0022  -0.0102   0.0283   0.0765   0.1272   -0.004   0.0439   0.0052   0.0354   -0.009
 7 A   0.0133  -0.0256  -0.0171  -0.0178  -0.0315  -0.0095   0.0542  -0.0443   0.0294  -0.0193   0.0763   0.0067   0.0167   0.0364   0.0424   0.0326   0.0417    0.025  -0.0049   0.0076
 8 A  -0.0218     -0.0  -0.0166  -0.0676   0.0023  -0.0312   0.0433   -0.044   0.1356   0.0356  -0.0267   0.0065  -0.0327   -0.025  -0.0265   -0.018  -0.0231  -0.0189   0.0131   0.0368
 9 A    0.016  -0.0456  -0.1999   0.0087  -0.0151   0.0304  -0.0451  -0.0926   0.0662   0.0514    0.033  -0.0599   0.0192    0.097  -0.0613  -0.0027  -0.1182   0.3639   0.0401  -0.0057
