            A        R        N        D        C        Q        E        G        H        I        L        K        M        F        P        S        T        W        Y        V
 1 A   -0.043  -0.0524   0.0061   0.0024  -0.0598  -0.0379   0.0653  -0.0322   0.0612  -0.0263  -0.0683  -0.0992   0.0806   0.1494  -0.0359   -0.033  -0.0188   0.0527   0.0121  -0.0422
 2 A   0.0866  -0.0109   0.1306  -0.0017   0.0279   0.0284  -0.0328   0.0183  -0.0524   0.0675   0.0463  -0.0267   0.0973   0.0033   0.0539   0.0284   0.1196  -0.1164  -0.0056    0.116
 3 A   0.0021  -0.0585    0.009  -0.0166  -0.0701  -0.0131  -0.0232  -0.0414   -0.019   0.0498   0.0421   0.0019   0.0918   0.0276   -0.007  -0.0061   0.0481   0.1039   0.0518  -0.0343
 4 A   0.0571  -0.0016   0.0129   0.0677   0.0428   0.0135   0.0183   0.0115   -0.018   0.0226  -0.0261  -0.0042   0.0259   0.0423   0.0107   0.0357  -0.0037   0.0561   0.0445   0.0244
 5 A   0.0369   0.0089   0.0023  -0.0007   0.0337   0.0638   0.0033   0.0237   0.0593   0.0474   0.0316  -0.0253   0.0509   0.0273   0.1053   0.0394  -0.0164   0.0737   0.0161    0.057
 6 A   0.0402    0.001   0.0537   0.0013   0.0256   0.0334  -0.0342   0.0358  -0.0043   0.0638   0.0345  -0.0067   0.1563   0.1165   0.0338   0.0268   0.0378    0.009   0.0322   0.0309
 7 A  -0.0006  -0.0132   0.0055   0.0143    0.009  -0.0062  -0.0001  -0.0236   0.0865   0.0023   0.0026  -0.0067   0.0193   0.0671   0.0478   0.0178   0.0162  -0.0066   0.0238    0.035
 8 A  -0.0155  -0.0215   0.0376  -0.0428  -0.0282  -0.0082   0.0121    0.013   0.0627   0.0069   0.0206  -0.0003  -0.0174   0.0573   0.0106  -0.0181  -0.0593  -0.0096   0.0132  -0.0205
 9 A   0.0481   0.0035   -0.053  -0.0795  -0.0459  -0.0576  -0.0644  -0.1129   -0.046   0.1016   0.0726  -0.0246   0.1795   0.0001  -0.0355   0.0303   0.1712  -0.0384  -0.0077   0.1425
