            A        R        N        D        C        Q        E        G        H        I        L        K        M        F        P        S        T        W        Y        V
 1 A  -0.0166   0.0441     -0.1  -0.0395  -0.0706  -0.0815  -0.0627  -0.0309  -0.0206   0.0078  -0.0162   0.1617  -0.0591   0.0374  -0.0945   0.0018  -0.0165   0.0117  -0.0736  -0.0219
 2 A   0.0842   0.0464  -0.0284  -0.0488   0.0642  -0.0102  -0.0976  -0.0035   -0.082   0.0051  -0.0803  -0.0088   0.0546   -0.035  -0.0351   0.1676   0.1865   0.0669  -0.0371   0.0607
 3 A   -0.059   0.0172   0.0296  -0.1168  -0.0794  -0.0104   0.0817    0.027  -0.0424   0.0075  -0.0961   0.0866  -0.0577   0.0912  -0.0017  -0.0893   0.0148  -0.0707   0.0559     0.04
 4 A  -0.0795  -0.0172   0.0389  -0.0868    -0.09   0.0753  -0.0144    0.003   0.0889   0.0554   0.0807   0.0604  -0.0721   0.0615   0.0608  -0.0669   0.0855  -0.0304   0.0502  -0.0692
 5 A   0.0767   0.0247   0.0502  -0.0302   -0.046   0.0792   0.0238   0.0223   0.1138  -0.0228  -0.0771   0.0077    -0.01   0.0157  -0.0184  -0.0526   0.0807   0.0147   -0.031   0.1041
 6 A  -0.0815   0.0054   0.0772  -0.0285   0.0817   0.0247  -0.0968   0.0859   0.0382   0.0995  -0.0655  -0.0772   0.0865   0.0773   -0.058    0.013   0.0508   0.0846   0.0423    0.042
 7 A   -0.096  -0.1265  -0.0943  -0.0508    0.072   0.0078  -0.0365   0.0684   0.0063  -0.0442   0.0666   0.0478   0.0122  -0.0963   0.0601   -0.091   0.1293  -0.0224   0.0727   0.0873
 8 A   0.0129  -0.0727   -0.088  -0.0757  -0.0911  -0.0785  -0.0549   0.0805   0.0119   -0.029  -0.0856   0.0935   0.0136  -0.0593  -0.0495   0.0488  -0.0985   0.0163    0.094   0.0682
 9 A   -0.052  -0.0012  -0.0745  -0.0245  -0.0953  -0.0753  -0.1469  -0.0382  -0.0224    0.014  -0.0365   0.0977   0.0347   0.1211  -0.0703   0.0031  -0.0614   0.2696   0.1176  -0.0827
