            A        R        N        D        C        Q        E        G        H        I        L        K        M        F        P        S        T        W        Y        V
 1 A   0.0377   0.1153  -0.1585  -0.1561  -0.0706  -0.0275  -0.0627   0.1193  -0.0446   0.0078  -0.0162   0.0736  -0.0591   0.0074  -0.1603   0.0862  -0.0165   0.0505   0.0083  -0.0604
 2 A   0.0601   0.0714   0.0056   0.0343   0.0461   0.0483   0.2592  -0.0152  -0.0047   0.0294  -0.0803    0.013    0.049   0.0066   0.0104   0.0116  -0.0376   0.0427  -0.1788   0.0383
 3 A    0.088   0.0496   0.0214  -0.0939  -0.0794  -0.0104   0.0817    -0.05  -0.0424  -0.0056  -0.0278    0.057  -0.0577   0.0235  -0.0645  -0.0049   0.0907  -0.0707  -0.0044   0.0457
 4 A   0.0294  -0.0172   0.0166  -0.0002    -0.09  -0.0333  -0.0087    0.003   0.0889  -0.0477   0.0413   0.0424  -0.0721   0.0615   0.1307  -0.0669    0.016   0.0294   0.0502   0.0759
 5 A   0.1115   0.0722  -0.0065  -0.0804   -0.046   0.0792  -0.0383   0.0707   0.0003  -0.0162  -0.0176   0.0311    -0.01   0.0673   0.0073   0.0319   0.0127   0.0203   0.2224  -0.0506
 6 A   0.0065   0.0054   0.0205  -0.0535   0.0817    0.114  -0.0119   0.0444   0.0382   0.0555  -0.0019   0.0347   0.0196   0.0184  -0.0502   0.0511    0.024   0.0846   0.0247   0.0055
 7 A  -0.0897  -0.0656  -0.0304  -0.0937   0.1913   0.0078   0.0106   0.0596  -0.0752   0.0269   0.0599   0.0027   0.0122  -0.0055   0.1404   -0.038   0.0136   0.0316  -0.0143  -0.0414
 8 A  -0.0064  -0.0727  -0.0546  -0.0159  -0.0911  -0.1601   0.0296   0.0127  -0.0103  -0.0318   0.0329    0.011  -0.0269   0.0312   0.0633   0.0488   0.0285   0.0163   0.0525  -0.0651
 9 A  -0.0172  -0.1367   -0.125   0.0658  -0.1416   -0.058  -0.1546   0.0073   0.0213  -0.0277   0.1538  -0.1016   0.1177   0.1989  -0.0997   0.0491   0.1316  -0.0853   0.0606   0.1501
