            A        R        N        D        C        Q        E        G        H        I        L        K        M        F        P        S        T        W        Y        V
 1 A   -0.201   -0.083  -0.0022    0.079   0.0122  -0.0573   0.1119  -0.1215   0.0717   0.0293  -0.0652  -0.1856   0.1337   0.0718  -0.2477  -0.0341   0.0766   0.0379   0.1071  -0.1296
 2 A   0.1853  -0.3041   0.0727   0.0385  -0.1278  -0.1355   -0.083  -0.0564   0.0585   0.1139   0.0667  -0.3338   -0.004   0.0559   0.2089    0.074   0.2247  -0.0182   0.0601   0.1961
 3 A    0.062  -0.1403   0.0714  -0.1419   0.0324  -0.0463  -0.0346  -0.1099   0.0182   0.0988   -0.127  -0.1146   0.1107   0.1697  -0.1679   0.0612   0.0437  -0.0515    0.135  -0.0037
 4 A   0.0526  -0.0571   0.0523  -0.0397  -0.0258   0.0539  -0.0183    0.023  -0.0288   0.0128  -0.0847  -0.0416  -0.0005   0.0075   0.0641   0.0419  -0.0041   0.1283   0.0239   0.0095
 5 A   0.0613   0.0334   0.0767  -0.0358  -0.0239   0.0444  -0.0322  -0.0976  -0.0182   0.1217   0.0492  -0.1388   0.0716   0.1751  -0.0659   0.0148   0.0538  -0.0478   0.0642   0.0675
 6 A   0.1012   0.0497    0.049   0.0071   0.0805  -0.0054   0.0375  -0.0052  -0.0119   0.0168  -0.0016   0.0207   0.0826   0.0391  -0.0217  -0.0405   0.0655  -0.0167  -0.0625   0.0404
 7 A   0.0308  -0.0766   0.0078  -0.0336    0.026  -0.0676   -0.028   0.0067    0.053  -0.0557  -0.0074  -0.0993   0.0293   0.0495   -0.012    0.034   0.0288   0.0306   0.0453   0.0609
 8 A  -0.1357   0.0026   0.0215  -0.1699  -0.0895   0.0251   0.0606   0.0371   0.0215  -0.0299   0.0292   0.0178   0.0542   0.0922  -0.0991  -0.0025  -0.0542  -0.0497  -0.0028  -0.0133
 9 A   0.0128    0.431    0.024   0.0658  -0.4145  -0.0963   -0.086  -0.0027  -0.0221  -0.2071  -0.1209   0.3521  -0.0261   0.0326   0.0102   0.0491  -0.1121   0.0334   0.1124  -0.1848
