            A        R        N        D        C        Q        E        G        H        I        L        K        M        F        P        S        T        W        Y        V
 1 A  -0.1778  -0.1367   0.0158   0.0482   0.0512  -0.0281   0.1737  -0.1494   0.1144   -0.004  -0.0753  -0.1977   0.1719   0.0458  -0.2753  -0.0211   0.0711   0.0354   0.0888  -0.0822
 2 A    0.183  -0.3028   0.0354   0.0385  -0.1196  -0.1173   -0.083  -0.0665   0.0113   0.1062   0.0629  -0.2049   0.0775   0.0347   0.2221   0.1134   0.2442  -0.0251  -0.0087    0.198
 3 A   0.0813  -0.1179   0.0393  -0.1525   0.0356  -0.0946  -0.0772  -0.1444   0.0367   0.1066  -0.0862  -0.0509    0.069   0.1706  -0.1086   0.0549   0.0514  -0.0461   0.1266   0.0461
 4 A   0.0308  -0.0783  -0.0115   0.0004   0.0177   0.0323  -0.0281   0.0144   0.0088   0.0002  -0.0351  -0.0222   0.0707   0.0726   0.0289   0.0362  -0.0123   0.1125   0.0375  -0.0325
 5 A   0.0107   0.0236   0.0617   0.0041   0.0058   0.0149  -0.0198  -0.0235  -0.0041   0.1511  -0.0045   -0.089   0.0543   0.0879  -0.0181   0.0271   0.0117   -0.018   0.0561   0.1223
 6 A   0.0984    0.063   0.0384   0.0136   0.0873   0.0151   0.0324   -0.036   0.0413   0.0323   0.0235   0.0192   0.0811   0.0369  -0.0408   0.0009   0.0402  -0.0307  -0.0209   0.0094
 7 A   0.0546   -0.104    0.007  -0.0257   0.0757  -0.0467   0.0028   0.0126   0.0257  -0.0001  -0.0007  -0.1153    0.067   0.0638  -0.0324   0.0339   0.0032   0.0143   0.0303   0.0305
 8 A  -0.0881  -0.0031   0.0027  -0.0933  -0.0856   0.0128   0.0097   0.0096   0.0009  -0.0462   0.0512    0.003   0.0151   0.1125  -0.0577  -0.0028  -0.0271  -0.0318   0.0404  -0.0357
 9 A  -0.0322   0.4512    0.024   0.0658  -0.2699  -0.0963   -0.086  -0.0027  -0.0203  -0.1414   -0.104   0.3231  -0.0197   0.0072   0.0102   0.0491  -0.1109   0.0048   0.1118  -0.1701
