            A        R        N        D        C        Q        E        G        H        I        L        K        M        F        P        S        T        W        Y        V
 1 A  -0.0077   0.1564  -0.0375  -0.0395  -0.0596   0.0291  -0.1176   0.1033   0.0537  -0.0203   -0.072   0.0957  -0.1533    -0.06  -0.0468   0.1036  -0.0398   0.0117  -0.0168   0.0519
 2 A   0.0249   0.0937  -0.0863   0.0385  -0.0212   0.0379  -0.0762  -0.1429   -0.066   0.0816  -0.0178  -0.0158   0.2505   0.0024   0.0384   0.0452   0.1396   0.0987   0.1246   0.1113
 3 A   0.0754   0.0458  -0.0261  -0.0186  -0.1338   -0.073  -0.0628  -0.0964   0.1348   0.0003  -0.0349   0.0657   0.0082   0.0394   0.0671    0.183    0.079  -0.0707  -0.0021   0.0263
 4 A  -0.1259  -0.0476   0.1346   0.0307    -0.09  -0.0654  -0.0025   0.1251   0.1154   0.0609  -0.0589   0.0674  -0.0721   0.1924   0.0323   0.0703    0.057  -0.0304   0.0502   0.0607
 5 A   0.0767   0.0118  -0.0975  -0.0449   0.0304   0.0755   0.1041   0.0398   0.0434   0.0854   0.0597   0.0765   0.0718   0.0116   0.0693  -0.0235   0.2242   0.0753  -0.1955   0.0229
 6 A  -0.0895   0.0999   0.0446  -0.0106   0.0796   0.0338  -0.1003   0.0393   0.1014   0.0428   0.0242   0.0155   0.1823   0.1034  -0.0868   0.0353    0.031   0.0846   0.0693   0.0661
 7 A   -0.096  -0.0128   0.0593  -0.1624   0.1462  -0.0368  -0.0834   0.1577  -0.0752  -0.0492   0.0453   0.0068   0.0183   0.0316   0.1429  -0.0667   0.1522   0.0581   0.0786   0.0454
 8 A   0.0112   -0.027   0.0793  -0.0199  -0.0911  -0.1729   0.0732   0.0426   0.0842  -0.0906  -0.0012   0.0654   0.0043   0.0866   0.1472  -0.0846  -0.0851   0.0163   0.0326  -0.0182
 9 A   0.0113  -0.0012    0.024   0.0658  -0.0686  -0.0963   -0.086  -0.0027   0.0213   0.0503  -0.0017   0.0977    0.012   0.0491   0.0102   0.0491   0.0338  -0.0128   0.2329  -0.1311
