            A        R        N        D        C        Q        E        G        H        I        L        K        M        F        P        S        T        W        Y        V
 1 A   0.0605  -0.0532  -0.0981  -0.2064  -0.0063  -0.0032  -0.1177   0.0059  -0.0704  -0.0015   0.0103    0.027   0.1348   0.2819  -0.1659   0.0478  -0.0529   0.0004   0.0691  -0.0776
 2 A   0.0235  -0.1335  -0.1598  -0.1529  -0.0275   0.0768   -0.083  -0.0216   -0.066   0.1179   0.3343  -0.0158   0.3121  -0.0397  -0.2659   0.0342   0.0661   0.0382   0.3134   0.0697
 3 A   0.0922  -0.0035   0.0044  -0.0703  -0.0463  -0.0295  -0.1231  -0.0424  -0.1092   0.0537  -0.0425  -0.0474   0.1131   0.1077  -0.0237   0.1104   0.0498  -0.0561   0.0912    0.017
 4 A   0.0312  -0.0649   0.0055   0.1194  -0.0012   0.0339    0.117   0.0428  -0.0417   0.0419  -0.0242   0.0141  -0.0383   0.0243   0.0583   0.0552  -0.0397   0.0031  -0.0385   0.0479
 5 A   0.0537   0.0059   0.0188   0.0304   0.0432   0.0529   0.0871   0.0113   0.1064   0.1445   0.0347  -0.0373  -0.0291  -0.0064  -0.0769   0.0216  -0.0439   0.0071   0.0869   0.0414
 6 A   0.0223  -0.0573   0.0545   0.0121    0.016    0.091   0.0124  -0.0204   0.0144   0.1062    0.146  -0.0975   0.0294   0.0864   0.0131   0.0881   0.0771  -0.1145   0.0947   0.0177
 7 A   0.0189  -0.1255   0.0523   0.0407    0.048  -0.0149  -0.0066  -0.0221   0.0402  -0.0596  -0.0308  -0.1445   0.0034    0.114  -0.1183     -0.0   0.1036   0.0937   0.1467   0.0659
 8 A   0.0176  -0.0392  -0.0248  -0.1595   -0.036   0.0155   0.0248   0.0398  -0.0895  -0.0259   0.0236  -0.0514  -0.0637   0.1022   0.0351   0.0616  -0.0282   0.0411    0.112  -0.0525
 9 A   0.1138  -0.1155   -0.135   0.0658  -0.1724  -0.0963   -0.086  -0.0027   0.0213   0.1739   0.2266  -0.1367   0.0711  -0.0141   0.0102   -0.077  -0.0117   0.0497  -0.1125   0.2535
