            A        R        N        D        C        Q        E        G        H        I        L        K        M        F        P        S        T        W        Y        V
 1 A   0.0532    0.064   0.0656  -0.1106  -0.0706   0.0314  -0.0627   0.0302  -0.0281   0.0078  -0.0162   0.1058  -0.0591  -0.1318  -0.1773   0.0166   0.1066   0.0478   0.0195  -0.1745
 2 A   0.0601    0.011   0.0011   0.0052   0.0042   0.0789   0.2298   0.0001   0.0025  -0.0055   0.0011  -0.0158   0.0051   0.0024  -0.0004   0.0001  -0.0028   0.0669  -0.0178   0.0043
 3 A   0.0625   0.0496   0.0757  -0.0585  -0.0794  -0.0104   0.0817  -0.0413  -0.0424  -0.0488  -0.1079  -0.0969  -0.0577   0.0314  -0.0078   0.0455   0.0813  -0.0707   0.0515   0.1293
 4 A  -0.0548  -0.0172   0.1264  -0.0743    -0.09   -0.092  -0.0327   0.0597   0.0889   0.0314   0.1561   0.1061  -0.0721   0.1345  -0.0373  -0.0669   0.0628   0.0295   0.0502  -0.0279
 5 A   0.0646   0.0191   0.0033   0.0836   -0.046   0.0369   0.0116   0.1255   0.0208  -0.0749  -0.0337   0.0606    -0.01   0.0326   0.0584   0.0255   0.0354  -0.0088     0.17  -0.0644
 6 A  -0.1034   0.0054   0.0885    0.088   0.0481   0.0914  -0.0755   0.0204   0.0392    0.208  -0.1059   0.0139   0.0451   -0.022  -0.0004   0.0511   0.1163   0.0846   0.0616  -0.0855
 7 A  -0.1528  -0.0378    0.025  -0.0842   0.1376   0.0078   0.0106   0.0684  -0.0752   0.0074   0.1511   -0.061   0.0122  -0.0057   0.1546  -0.0017  -0.0474   0.0904  -0.0419  -0.0029
 8 A  -0.0198  -0.0727  -0.0869  -0.0158  -0.0911   0.1179  -0.0103   0.0012   0.0446  -0.1142  -0.0127  -0.0899  -0.0856   0.0272   0.0288   0.0488   0.1341   0.0163   0.0851  -0.0601
 9 A   0.0059  -0.0847  -0.0424  -0.1226  -0.1113   0.0267  -0.1262  -0.0085   0.0213   0.1639   0.0052  -0.1167   0.2053   0.1549   0.0102  -0.0827   0.0338   0.1186   0.0986  -0.1027
