            A        R        N        D        C        Q        E        G        H        I        L        K        M        F        P        S        T        W        Y        V
 1 A   0.0338   0.0429   0.0335  -0.0922  -0.0706  -0.0003   0.0327   0.0276  -0.0407   0.0078  -0.0162    0.037  -0.0591    0.049  -0.2333   0.0785  -0.0096   0.0214  -0.1164  -0.0604
 2 A   0.0601   0.0101  -0.0373   0.0073    0.006    0.005   0.2756    0.003   -0.066  -0.0001   0.0162   0.0054   0.0051   0.0066    0.004    0.001  -0.0498   0.0046  -0.0073   0.0054
 3 A   0.1528   0.0496   0.0081  -0.0598  -0.0794  -0.0104   0.0817   0.0004  -0.0424   0.0232   0.0276   -0.018  -0.0577   0.0302  -0.0017  -0.0575   0.0173  -0.0707  -0.0049  -0.0393
 4 A   0.0127  -0.0172   0.0681   0.0446    -0.09  -0.0596  -0.0144   0.0123   0.0889   0.0457   0.0325  -0.0407  -0.0721   0.0174   0.1571  -0.0669   0.0609   0.0783   0.0502  -0.0699
 5 A   0.1056   0.0518  -0.0118    0.052   -0.046   0.0785  -0.0448   0.0662    0.051   0.0519   0.0212  -0.0349    -0.01   0.0848   0.0876  -0.0309   0.0155   0.0329  -0.0994   0.0281
 6 A   -0.005   0.0054   0.0279   0.0466   0.0911   0.0726  -0.0313   0.0383   0.0412   0.0618  -0.0432  -0.1189   0.0438   0.0511   0.0694   0.0511   0.1185   0.0846   0.0158  -0.0652
 7 A   -0.096  -0.1173   0.0228   0.0277   0.1215   0.0078   0.0106   0.1092  -0.0752   0.0396   0.0642   0.0138   0.0122  -0.0742   0.0877  -0.0362  -0.0563   0.0583  -0.0296   0.0487
 8 A  -0.0194  -0.0727  -0.0844    0.099  -0.0911   0.0126  -0.0228   0.0003  -0.0141  -0.0596   0.0868  -0.1272  -0.0532   0.0215  -0.0392   0.0488  -0.0609   0.0163   0.0551   0.0667
 9 A   0.0119  -0.1297  -0.0113  -0.1746  -0.1706   0.0558  -0.1828   0.0285   0.0301   0.1216   0.0351   0.0977   0.2108   0.0619  -0.1797   0.1948   0.0338   0.0017   0.0598   -0.103
