            A        R        N        D        C        Q        E        G        H        I        L        K        M        F        P        S        T        W        Y        V
 1 A   0.0222   0.1231  -0.0264  -0.0395  -0.0356   0.0722  -0.1386   0.0749   0.0488  -0.0522  -0.0858   0.1005  -0.1636  -0.0856  -0.0076   0.1398  -0.0335   0.0117  -0.0422   0.0226
 2 A  -0.0047   0.0937  -0.1189   0.0385  -0.0421   0.0555  -0.0825  -0.1606   -0.066   0.0727  -0.0041  -0.0158   0.2829  -0.0203   0.0384   -0.018   0.2169   0.1159   0.1412    0.099
 3 A   0.0266   0.0334  -0.0714  -0.0043  -0.1203  -0.0618  -0.0859  -0.1072   0.1013   0.0159  -0.0152   0.0785  -0.0301    0.025   0.1329   0.2003   0.0829  -0.0707  -0.0005   0.0472
 4 A  -0.1029  -0.0601   0.1224   0.0131    -0.09  -0.0785  -0.0319   0.1175   0.1223   0.0516  -0.0545   0.1107  -0.0721     0.22   0.0329   0.0564   0.0667  -0.0304   0.0502   0.0289
 5 A   0.0767   0.0247  -0.1375  -0.0373   0.0873   0.0731     0.06   0.0186   0.0516   0.0516   0.0124   0.0852   0.0835   0.0155   0.0932  -0.0148   0.2059   0.1025   -0.216   0.0489
 6 A  -0.1106    0.105   0.0335  -0.0008   0.0753  -0.0861  -0.1123   0.0306   0.1126   0.0398   0.0819   0.0252   0.1629   0.1264  -0.0868   0.0559   0.0313   0.0846    0.081   0.0842
 7 A   -0.096  -0.0009   0.0702  -0.2082   0.1407  -0.0389  -0.0523   0.1789  -0.0752  -0.0601  -0.0178   0.0093   0.0096  -0.0028   0.1427  -0.0128   0.1986   0.0707   0.0619    0.012
 8 A   0.0112  -0.0266    0.098  -0.0365  -0.0911  -0.1906   0.1002   0.0426   0.0834  -0.1083   0.0319   0.0424   0.0012   0.0717   0.2201  -0.1284  -0.1229   0.0163   0.0207  -0.0109
 9 A   0.0227  -0.0012    0.024   0.0658  -0.0686  -0.0963   -0.086  -0.0027   0.0213   0.0513   0.0023   0.0977  -0.0213   0.0483   0.0102   0.0491   0.0338   0.0146   0.2577  -0.2103
