            A        R        N        D        C        Q        E        G        H        I        L        K        M        F        P        S        T        W        Y        V
 1 A  -0.0292   0.0785  -0.0325   -0.096  -0.0004  -0.0408  -0.0314   0.0043  -0.0056    0.103  -0.0109   0.0393  -0.0067  -0.0569  -0.0768  -0.0265   0.0135  -0.0555   0.0478  -0.0065
 2 A   0.1294  -0.0082   -0.078   -0.179  -0.0197  -0.0395   0.0217   -0.008   0.0191   0.0706   0.0572   0.0192   0.0918   0.0024   0.0432   0.1839   0.1344  -0.0014   0.0004   0.0155
 3 A   0.0327  -0.0135   0.0329   -0.033  -0.0924  -0.0157  -0.0637   -0.008  -0.0142   0.0908   0.0334   -0.059   0.0369   0.0291   0.0015   0.0534   -0.023   0.0087   0.0419   0.0243
 4 A   0.0804     0.02  -0.0235  -0.0029   0.0023   0.0362   0.0295   0.0235   0.0119   0.0315   0.0305  -0.0389  -0.0023   -0.009   0.0207   0.0118  -0.0017   0.0141   0.0527   0.0607
 5 A   0.0187  -0.0091   0.0307  -0.0184   0.0567   0.0269   0.0394   0.0207   0.0492   0.0757  -0.0006  -0.0152   0.0363  -0.0054   0.0284   0.0717   0.0444   0.0102   0.0473    0.043
 6 A   0.0246  -0.0074   0.0221   0.0223   0.0177   0.0901  -0.0387   0.0795   0.0965  -0.0059  -0.0024  -0.0104   0.0281   0.0763    0.127  -0.0041   0.0437    0.005   0.0352  -0.0092
 7 A   0.0134  -0.0255   -0.017  -0.0176  -0.0314  -0.0093   0.0543  -0.0441   0.0295  -0.0191   0.0765   0.0068   0.0169   0.0365   0.0425   0.0328   0.0419   0.0252  -0.0047   0.0077
 8 A  -0.0214   0.0004  -0.0162  -0.0673   0.0026  -0.0308   0.0437  -0.0436   0.1359    0.036  -0.0263   0.0068  -0.0323  -0.0246  -0.0262  -0.0176  -0.0227  -0.0185   0.0135   0.0372
 9 A   0.0157  -0.0459  -0.2002   0.0084  -0.0154   0.0301  -0.0454  -0.0929   0.0659    0.051   0.0327  -0.0602   0.0189   0.0966  -0.0616   -0.003  -0.1185   0.3635   0.0398   -0.006
