            A        R        N        D        C        Q        E        G        H        I        L        K        M        F        P        S        T        W        Y        V
 1 A   0.0309   0.1339  -0.2065  -0.2037  -0.0706   0.0038  -0.0627   0.1171  -0.0336   0.0078  -0.0162   0.0845  -0.0591  -0.0371  -0.2073   0.0798  -0.0165   0.1077   0.0579  -0.0604
 2 A   0.0601    0.082   0.0155   0.0199   0.0173   0.0195   0.2612   0.0165   0.0144   0.0153  -0.0803    0.018   0.0158   0.0066    0.012   0.0171  -0.0168   0.0162  -0.1682   0.0154
 3 A   0.0104   0.0496   0.0111  -0.1494  -0.0794  -0.0104   0.0817  -0.0437  -0.0424   0.0507    0.021   0.0723  -0.0577   0.0409  -0.1144  -0.0062   0.1095  -0.0707   0.0064   0.0444
 4 A   0.1056  -0.0172   0.0274   0.0232    -0.09  -0.0596   0.0024    0.003   0.0889  -0.0524   0.0266   0.0421  -0.0721   0.0615   0.1319  -0.0669  -0.0575   0.0263   0.0502   0.0501
 5 A   0.1204   0.0703   -0.083  -0.1797   -0.046   0.0792  -0.0273   0.0813  -0.0217  -0.0425  -0.0374  -0.0054    -0.01   0.0887   0.0417   0.0305   0.0119   0.0317   0.3957  -0.0601
 6 A  -0.0333   0.0054  -0.0201  -0.0967   0.0817   0.1826   0.0194   0.0554   0.0382   0.0566  -0.0132   0.0528  -0.0165    0.006  -0.0146   0.0511   0.0284   0.0846   0.0115   0.0111
 7 A  -0.1384  -0.0752  -0.0001  -0.1355   0.1984   0.0078   0.0106   0.0658  -0.0752   0.0741   0.0253  -0.0656   0.0122   0.0645   0.1522  -0.0457   0.0262   0.0628  -0.0273  -0.0569
 8 A  -0.0443  -0.0727  -0.0148  -0.0189  -0.0911  -0.1653   0.0282  -0.0056   0.0005  -0.0322   0.0213   0.0213  -0.0532   0.0194   0.0693   0.0488   0.0508   0.0163   0.0635  -0.0627
 9 A  -0.0081  -0.1749  -0.1768   0.0658  -0.1733    -0.02  -0.1797   0.0302   0.0213  -0.0166   0.1698  -0.1738   0.2142    0.152   -0.144   0.0491   0.1972  -0.0651   0.0709   0.1421
