            A        R        N        D        C        Q        E        G        H        I        L        K        M        F        P        S        T        W        Y        V
 1 A  -0.0374  -0.0051   0.0086  -0.0104  -0.0491   0.0274  -0.0073  -0.0417  -0.0194    0.009   0.0034  -0.0128  -0.0033   0.0202  -0.0434  -0.0235  -0.0261  -0.0092    0.013  -0.0349
 2 A   0.0729   0.0074   0.0533   0.0066  -0.0066   0.0087  -0.0081   0.0888   0.0095   0.0161   0.0387  -0.0019   0.0255   0.0447   0.0477   0.0131   0.0261   0.0123   0.0021    0.022
 3 A   0.0287   0.0655  -0.0206  -0.0124  -0.0354   0.0229  -0.0198   -0.022  -0.0077   0.0213   0.0107   0.0551  -0.0128   0.0045  -0.0027  -0.0044  -0.0106  -0.0212   -0.003  -0.0123
 4 A   0.0139   0.0725   0.0218   0.0214   0.0046  -0.0064  -0.0145   0.0084   0.0468  -0.0241   0.0205   0.0428  -0.0065   0.0366   0.0178    0.005   0.0114   0.0291   0.0173    0.005
 5 A   0.0181   0.0509   0.0267   0.0457   0.0478   0.0591   0.0183   0.0135    0.005   0.0151   0.0204   0.0087   0.0509    0.039  -0.0004  -0.0064   0.0293    0.028   0.0298   0.0323
 6 A   0.0002   0.0539     0.03   0.0131  -0.0218   0.0286   0.0239   0.0114   0.0284   0.0221   0.0538   0.0613    0.048   0.0602   0.0173   0.0123   0.0343   0.0379   0.0247   0.0398
 7 A   0.0254  -0.0119   0.0312  -0.0264   0.0195   0.0133   0.0475  -0.0041  -0.0158  -0.0108   0.0059   0.0152   0.0233   0.0262  -0.0084   0.0108  -0.0022   0.0128   0.0032   0.0248
 8 A   0.0427   -0.036  -0.0131  -0.0398  -0.0234   0.0051   0.0147  -0.0277  -0.0765   0.0126   0.0001  -0.0243   0.0108  -0.0018   0.0026  -0.0088   0.0123  -0.0327   0.0008   0.0556
 9 A     0.03   -0.012  -0.1606  -0.0091  -0.0059   0.0223   0.0016  -0.0458   0.0512   0.0065   0.0561  -0.0065   0.1046   0.0323  -0.0207  -0.0158  -0.0026   0.0062   0.0073   0.0425
