            A        R        N        D        C        Q        E        G        H        I        L        K        M        F        P        S        T        W        Y        V
 1 A   0.0103   0.0406  -0.0279   0.0853  -0.2404  -0.2015  -0.0627  -0.0309  -0.3265  -0.0172  -0.1197   0.0712   0.0684   0.0546  -0.0013   0.1998  -0.0837   0.0117  -0.0479   0.0024
 2 A   0.0601  -0.2629  -0.0373   0.0385  -0.1159   0.2049   -0.224  -0.0753   -0.066  -0.1079  -0.0803  -0.0158   0.2026   0.2794  -0.2519  -0.0866  -0.0419   0.2938    0.305  -0.1919
 3 A   0.0978   0.0402   -0.063   0.0067  -0.0168  -0.0879   0.0155  -0.1079  -0.0299   0.1256  -0.0216  -0.2509  -0.0577   0.0242  -0.1184  -0.0893   0.0678  -0.0779   0.1236   0.0258
 4 A  -0.2178  -0.1738  -0.0137  -0.0323    -0.09   0.0798   0.0328  -0.0893   0.0787   0.0226   0.0002  -0.0045   0.0301   0.1363  -0.0096  -0.1034   0.2043  -0.0304   0.0502   0.0461
 5 A   0.0767   0.1742  -0.1764  -0.0302   0.0584   0.0092  -0.0741   0.0825   0.2012   0.1248  -0.1454  -0.0297    -0.01   0.0721  -0.1365  -0.1345   0.1913   0.0799  -0.0682  -0.0617
 6 A  -0.0347   0.0099   0.1917  -0.1534   0.0781  -0.1328  -0.1033  -0.0386   0.1014   0.2735  -0.2081  -0.0485   0.0865    0.085  -0.0868   0.0482  -0.0277   0.0846   0.0853  -0.0652
 7 A   -0.096  -0.0948   0.0236   0.0737  -0.1519   -0.049  -0.0779  -0.0341  -0.0752  -0.0686  -0.0124  -0.1485   0.0122   0.0885   0.0927   -0.074   0.1256   0.0855   0.0682   0.0494
 8 A   0.0112   -0.167   0.1232  -0.0771  -0.0911  -0.0425   0.0249   0.0426   0.1407  -0.0782   0.0296   0.0857  -0.0032  -0.1703  -0.1082  -0.2387  -0.1863   0.0163   0.0213   0.1247
 9 A   0.1637  -0.2916    0.024   0.0658  -0.1245  -0.0963  -0.4263   -0.395  -0.4306   0.2984   0.2434   0.0977   0.2672   0.4936  -0.2221  -0.3926  -0.3232   0.4623  -0.0392   -0.026
