            A        R        N        D        C        Q        E        G        H        I        L        K        M        F        P        S        T        W        Y        V
 1 A   0.0025   0.0401  -0.0606  -0.0973  -0.0577  -0.0855  -0.0243   0.0122   0.0057   0.0529   0.0294   0.0247   0.0126   0.0169   -0.056  -0.0065  -0.0652    0.015   0.0254  -0.0131
 2 A   0.0587  -0.0132  -0.0254  -0.0181  -0.0095   0.0051  -0.0075   0.0014  -0.0413   0.0299   0.0061  -0.0314   0.0275   0.0069   0.3662    0.004   0.0063   0.0549   -0.013   0.0268
 3 A   0.0432   0.0769   0.0106    0.013   0.0579  -0.0457  -0.0114  -0.0189   0.0029  -0.0305  -0.0692  -0.0249   0.0099   -0.019   0.0193   0.0159  -0.0368   0.0019   0.0305   0.0173
 4 A   0.0221   0.0149  -0.0312   0.0061  -0.0214   0.0257  -0.0028   0.0168   0.0555  -0.0192   0.0197   0.0405   0.0223   0.0144  -0.0077  -0.0122   0.0586   0.0858   0.0179   0.0297
 5 A   0.0011   0.0934   0.0525  -0.0221   0.0288  -0.0163   0.0123   0.0541  -0.0163   -0.007   0.0141   0.0613   0.0751  -0.0012   0.0631    0.051   0.0168   0.0112   0.0469   0.0177
 6 A  -0.0407   0.1134   0.0403   0.0195  -0.0156    0.021   0.0295   0.0563   0.0271  -0.0098   0.0139   0.0591   0.0412   0.0162   0.0567  -0.0019   0.0622   0.0372   0.0126    0.045
 7 A    0.042    0.014   0.0007  -0.0563  -0.0012  -0.0156  -0.0415   0.0325  -0.0031   0.0268   0.0165  -0.0237   0.0234   0.0386  -0.0026   0.0134    0.054   0.0222     0.02   0.0302
 8 A   0.0632  -0.0203  -0.0946   0.0016  -0.0654   0.0029  -0.0011  -0.0097  -0.0259   0.0478  -0.0165  -0.0036   0.0079  -0.0042   0.0422    0.021  -0.0125  -0.0196  -0.0429   0.0184
 9 A  -0.0073  -0.0488  -0.1379   0.0655  -0.0218  -0.0031    0.015  -0.0095   0.0781    0.016   0.0864  -0.0255   0.1707   0.0651  -0.0134  -0.0645  -0.0477   0.0097  -0.0383   0.0026
