            A        R        N        D        C        Q        E        G        H        I        L        K        M        F        P        S        T        W        Y        V
 1 A     0.05   0.1132  -0.0551  -0.0601  -0.0538  -0.0807  -0.0346   0.0069   0.0016  -0.0337   0.0661   0.0868   0.0342  -0.0857  -0.0489   0.0096  -0.0214  -0.0241  -0.0029   0.0054
 2 A   0.0034   -0.025    0.019  -0.0244   0.0753   0.0134  -0.0074   0.0039   0.0047   0.0332   0.0918  -0.0479   0.0835    0.065  -0.0709   0.0888   0.0667   0.1452   0.0088   0.0609
 3 A  -0.0796   0.1711   0.0867   -0.017   -0.186   0.0157  -0.0467  -0.0334   0.1664   0.0029  -0.0057   0.0839   0.0952   0.0558  -0.0224  -0.0376  -0.1002  -0.0091   0.0216  -0.0192
 4 A   0.0872   0.0458  -0.0388   -0.028   0.2198   0.0609  -0.0207  -0.0248   0.0704  -0.0595   0.0202   0.0534   0.1724  -0.0166   0.0209  -0.0249  -0.0162  -0.0015    -0.05  -0.0226
 5 A   0.0295   0.0604   0.0257   -0.026  -0.0353   0.0294  -0.0134   0.0292   0.0155   0.0163   0.0161   0.0423   0.0909   0.0802   0.0175   0.0575   0.0101    0.057   0.0638   0.0742
 6 A   0.0134   0.1205  -0.0412  -0.0303   0.0152  -0.0041  -0.0379   0.0469   0.0961   0.0306  -0.0205   0.0044   0.0865   0.0352   0.0498    0.025   0.1018   0.0526   0.0944     0.05
 7 A  -0.0196   0.0606   0.0651  -0.0539    0.029   0.0119  -0.0206   0.0338   0.0465   0.0795   0.0129  -0.0218   0.0508   0.0193   0.0478   0.0011  -0.0504  -0.0511   0.0033    0.049
 8 A   0.0341  -0.0526   0.0027  -0.0696   0.0512  -0.0645  -0.0471  -0.0094   0.0625   0.0052   -0.003   0.0006  -0.0305   0.0229   0.1828  -0.0311  -0.0322  -0.0488    0.031  -0.0072
 9 A    0.083   0.0308    0.024   0.0219  -0.0876  -0.0652    0.005   0.0054  -0.1432  -0.0052    0.015   0.2823  -0.0654  -0.0153    0.029   -0.001   0.0066  -0.0751   0.0836   0.0491
