            A        R        N        D        C        Q        E        G        H        I        L        K        M        F        P        S        T        W        Y        V
 1 A  -0.0323   0.0048   0.0056  -0.0072  -0.0427   0.0332  -0.0025  -0.0378  -0.0252   0.0061  -0.0009  -0.0129  -0.0015   0.0217   -0.042  -0.0233  -0.0143    -0.02   0.0204  -0.0327
 2 A   0.0668   0.0063   0.0546   0.0033  -0.0065   0.0077  -0.0075   0.1173   0.0108    0.016   0.0251  -0.0021   0.0318   0.0419    0.037     0.02   0.0255   0.0123   0.0006   0.0122
 3 A   0.0399   0.0592   -0.021  -0.0047  -0.0357   0.0301   -0.025  -0.0238  -0.0117   0.0332   0.0173   0.0479  -0.0114   0.0087  -0.0082  -0.0054   -0.012   -0.022  -0.0055  -0.0075
 4 A   0.0163   0.0727   0.0286   0.0286   0.0067  -0.0066  -0.0146    0.008   0.0569  -0.0281   0.0158   0.0336  -0.0154   0.0376     0.03  -0.0046   0.0108    0.032   0.0197    0.004
 5 A   0.0269   0.0412   0.0244   0.0586    0.046   0.0499   0.0213   0.0147   0.0025   0.0083    0.028   0.0009   0.0507   0.0424  -0.0022  -0.0066    0.035   0.0247   0.0289   0.0335
 6 A  -0.0024   0.0498   0.0236   0.0129   -0.017   0.0257   0.0387  -0.0044   0.0226   0.0231   0.0573   0.0702   0.0492   0.0618   0.0185    0.012   0.0401   0.0383   0.0205   0.0293
 7 A   0.0328  -0.0148   0.0334  -0.0305    0.027   0.0177   0.0442   0.0019  -0.0175  -0.0141   -0.001   0.0163   0.0215   0.0316  -0.0087   0.0053  -0.0063   0.0241   0.0036   0.0286
 8 A   0.0498  -0.0434  -0.0006   -0.039  -0.0235   0.0096   0.0115  -0.0174  -0.0872    0.005    0.002  -0.0278   0.0178  -0.0064   0.0121  -0.0065   0.0097  -0.0303    0.008    0.059
 9 A   0.0325  -0.0169  -0.1709  -0.0177  -0.0072   0.0218   0.0051  -0.0489    0.054   0.0051    0.063  -0.0054   0.1124   0.0321  -0.0121   -0.023  -0.0075   0.0043   0.0116   0.0522
