            A        R        N        D        C        Q        E        G        H        I        L        K        M        F        P        S        T        W        Y        V
 1 A  -0.1239  -0.0912   0.0256   0.0009  -0.0113  -0.0884   0.0011  -0.0972    0.024   0.0054   0.0153  -0.1021   0.1781   0.1291  -0.1463   -0.067   0.0673    0.095    0.067  -0.0277
 2 A   0.3102   -0.076  -0.0849  -0.0405   0.1121  -0.0434   -0.016   0.1655  -0.0261   0.0706   0.0157  -0.1744   0.1238   0.0642   0.2475    0.083   0.0016  -0.2551   0.0314   0.0644
 3 A   0.0576  -0.1146   0.0142   0.0455  -0.1033   0.0083   0.0647  -0.0706   0.1089   -0.015  -0.0364  -0.0747   0.0251   0.0437  -0.1065   0.0193   0.0025   0.1393   0.0332   0.0832
 4 A  -0.0073   0.0102   0.0483    0.027  -0.0148   0.0662  -0.0442   0.0308  -0.0565   0.0275  -0.0481  -0.0354   0.0273   0.1262   0.0614   0.0347   0.0718    0.064  -0.0556   0.0909
 5 A   0.0495   0.1077  -0.0087   0.0619   0.0697   0.0767  -0.0088   0.0508  -0.0124   0.0286   0.0459  -0.0847   0.1276   0.0585  -0.0232   0.0741  -0.0486   0.0493   0.0183   0.0034
 6 A  -0.0055   0.0288  -0.0212   0.1338  -0.0493  -0.0177   0.0691   0.0173  -0.0182   0.0851  -0.0477   0.0446   0.0345   0.0596   0.0772   0.0195   0.0369   0.0168   0.0775   0.1442
 7 A   0.1002  -0.0701   0.0437   0.0004  -0.0938  -0.0073   -0.006  -0.0157    0.009  -0.0281   0.0611  -0.0577  -0.0018   0.1047  -0.0166   -0.015   0.0902   0.0907   0.0507   0.0406
 8 A   0.1102  -0.0081  -0.1559  -0.0359   0.0256  -0.0745   0.0271  -0.0149  -0.1338   0.0864   0.0177   -0.051   0.0303   -0.008    0.115  -0.0162   0.0715   -0.032  -0.0416   0.0569
 9 A   0.0012  -0.0105   0.0501  -0.0185   0.0024    -0.06  -0.1375  -0.1831   0.1927   -0.006   0.0603   -0.069   0.2345   0.1416  -0.0762  -0.1111  -0.0013   0.0207   0.2487  -0.0992
