            A        R        N        D        C        Q        E        G        H        I        L        K        M        F        P        S        T        W        Y        V
 1 A   0.0001   0.0409  -0.0361   0.0855  -0.2402  -0.2207  -0.0627  -0.0309  -0.3341  -0.0235  -0.1231   0.0506   0.0551   0.0591  -0.0087    0.207  -0.0896   0.0117  -0.0449  -0.0138
 2 A   0.0601  -0.2562  -0.0373   0.0385  -0.1086   0.2251  -0.2157  -0.0688   -0.066  -0.1008  -0.0803  -0.0158   0.2128   0.2936  -0.2446  -0.0809  -0.0431   0.2984   0.3314  -0.1871
 3 A   0.0978    0.037  -0.0702    0.011  -0.0157   -0.088   0.0066  -0.1205  -0.0332   0.1345  -0.0291  -0.2604  -0.0577   0.0161  -0.1204  -0.0893   0.0734  -0.0863   0.1182    0.019
 4 A  -0.2201  -0.1745  -0.0188   -0.051    -0.09   0.0912   0.0328  -0.0897   0.0761   0.0126  -0.0072  -0.0136    0.028   0.1368  -0.0213   -0.116   0.2054  -0.0304   0.0502    0.048
 5 A   0.0767   0.1703  -0.2224  -0.0302    0.053   0.0126  -0.0768   0.0835    0.196   0.1238   -0.153  -0.0384    -0.01   0.0612  -0.1495  -0.1472   0.1952   0.0669  -0.0664   -0.068
 6 A  -0.0347   0.0086   0.1881  -0.1589   0.0755  -0.1517  -0.1089   -0.033   0.1057   0.2743  -0.2195  -0.0587   0.0865   0.0879  -0.0868   0.0549  -0.0278   0.0846   0.0928  -0.0762
 7 A   -0.096  -0.0948    0.021   0.0688  -0.1586  -0.0562  -0.0863  -0.0368  -0.0752  -0.0707  -0.0137  -0.1479   0.0122   0.0939   0.0942   -0.064   0.1134   0.0787   0.0628   0.0494
 8 A   0.0112  -0.1689   0.1166  -0.0889  -0.0911  -0.0496   0.0236   0.0426   0.1304  -0.0827   0.0251   0.1078  -0.0137  -0.1832  -0.1087  -0.2463  -0.2029   0.0163   0.0285   0.1229
 9 A   0.1596  -0.2799    0.024   0.0658  -0.1111  -0.0963  -0.4157  -0.3834  -0.4205   0.3223   0.2602   0.0977   0.2779   0.5247  -0.2118  -0.3821  -0.3115   0.4766  -0.0323   -0.026
