            A        R        N        D        C        Q        E        G        H        I        L        K        M        F        P        S        T        W        Y        V
 1 A   0.0023   0.0399  -0.0608  -0.0975  -0.0579  -0.0857  -0.0245    0.012   0.0055   0.0527   0.0293   0.0245   0.0124   0.0167  -0.0562  -0.0067  -0.0654   0.0148   0.0252  -0.0132
 2 A   0.0592  -0.0127  -0.0248  -0.0176   -0.009   0.0057   -0.007    0.002  -0.0408   0.0304   0.0066  -0.0308   0.0281   0.0074   0.3668   0.0046   0.0069   0.0554  -0.0124   0.0274
 3 A   0.0431   0.0768   0.0104   0.0128   0.0578  -0.0459  -0.0115  -0.0191   0.0027  -0.0306  -0.0694   -0.025   0.0097  -0.0192   0.0191   0.0157   -0.037   0.0017   0.0303   0.0171
 4 A    0.022   0.0148  -0.0313    0.006  -0.0215   0.0257  -0.0029   0.0168   0.0554  -0.0193   0.0196   0.0404   0.0222   0.0143  -0.0078  -0.0123   0.0585   0.0857   0.0178   0.0297
 5 A   0.0012   0.0934   0.0526   -0.022   0.0289  -0.0162   0.0124   0.0542  -0.0162   -0.007   0.0141   0.0613   0.0752  -0.0012   0.0632   0.0511   0.0169   0.0113   0.0469   0.0178
 6 A  -0.0406   0.1135   0.0404   0.0195  -0.0155   0.0211   0.0296   0.0564   0.0272  -0.0097   0.0139   0.0591   0.0413   0.0163   0.0568  -0.0018   0.0622   0.0373   0.0127   0.0451
 7 A   0.0419   0.0139   0.0007  -0.0564  -0.0013  -0.0157  -0.0416   0.0324  -0.0032   0.0267   0.0164  -0.0237   0.0234   0.0385  -0.0027   0.0134   0.0539   0.0222     0.02   0.0301
 8 A   0.0631  -0.0204  -0.0948   0.0014  -0.0656   0.0027  -0.0013  -0.0099  -0.0261   0.0476  -0.0167  -0.0038   0.0077  -0.0044    0.042   0.0208  -0.0127  -0.0198  -0.0431   0.0182
 9 A  -0.0074  -0.0488  -0.1379   0.0655  -0.0218  -0.0031   0.0149  -0.0096    0.078   0.0159   0.0864  -0.0255   0.1707   0.0651  -0.0135  -0.0645  -0.0477   0.0096  -0.0383   0.0026
