            A        R        N        D        C        Q        E        G        H        I        L        K        M        F        P        S        T        W        Y        V
 1 A  -0.1221  -0.1098   0.0201   0.0444  -0.0166  -0.0731  -0.0398  -0.0846   0.0585  -0.0049   0.0311  -0.0972     0.17   0.1096   -0.149  -0.0685   0.0454    0.091   0.0705  -0.0098
 2 A   0.3323  -0.0893  -0.0945  -0.0539   0.1352  -0.0623  -0.0145   0.1846  -0.0317   0.0743   0.0125  -0.1769   0.1276   0.0124   0.2573   0.0842  -0.0255  -0.2962    0.028   0.0377
 3 A   0.0654  -0.1431   -0.018   0.0546  -0.1064   0.0191    0.121  -0.1007   0.1028  -0.0354  -0.0364  -0.0684   0.0371   0.0485  -0.1349   0.0095   0.0366    0.124   0.0664   0.0785
 4 A  -0.0367  -0.0072   0.0305   0.0083   0.0223   0.0824  -0.0621   0.0362  -0.0791   0.0625  -0.0538  -0.0255   0.0218    0.134    0.068    0.053   0.0601   0.0576  -0.0734   0.0959
 5 A   0.0287   0.1337   0.0032   0.0671   0.0533   0.0671  -0.0083   0.0674  -0.0157   0.0508   0.0176   -0.084    0.103   0.0499  -0.0408   0.1237  -0.0457   0.0441   0.0179  -0.0384
 6 A  -0.0242   0.0495  -0.0376   0.1153  -0.0681   0.0044   0.0648   0.0359  -0.0444   0.1111  -0.0706   0.0291   0.0362   0.0684   0.1006   0.0353   0.0068  -0.0043   0.0935   0.1397
 7 A   0.0851   -0.065   0.0821  -0.0015  -0.1008  -0.0285  -0.0245   0.0158   -0.008  -0.0131   0.0758  -0.0384  -0.0384   0.1086  -0.0346  -0.0274   0.0943   0.0996   0.0201   0.0553
 8 A   0.1235  -0.0257  -0.1737  -0.0329   0.0109  -0.0569   0.0363   -0.024  -0.1304   0.0715   0.0152  -0.0536    0.043  -0.0147   0.1269  -0.0258   0.0812  -0.0226  -0.0627   0.0654
 9 A   -0.022  -0.0407   0.0491  -0.0186   0.0118  -0.0209  -0.1558  -0.1955   0.1885  -0.0051   0.0346  -0.0706    0.228   0.1118  -0.0763  -0.0962   0.0061   0.0259    0.227  -0.0714
