            A        R        N        D        C        Q        E        G        H        I        L        K        M        F        P        S        T        W        Y        V
 1 A   0.0288   0.0577    0.023  -0.1084  -0.0706   0.0021   0.0487    0.021  -0.0385   0.0078  -0.0162    0.037  -0.0591   0.0555  -0.2473   0.0792  -0.0222   0.0203  -0.1154  -0.0604
 2 A   0.0601  -0.0026  -0.0373   -0.004  -0.0052  -0.0053   0.2713  -0.0061   -0.066  -0.0076   0.0017  -0.0039  -0.0088  -0.0028  -0.0098  -0.0093  -0.0559  -0.0074  -0.0081   -0.006
 3 A   0.1497   0.0496   0.0082  -0.0671  -0.0794  -0.0104   0.0817  -0.0021  -0.0424   0.0191   0.0444  -0.0216  -0.0577   0.0351  -0.0017  -0.0538   0.0057  -0.0707   -0.004  -0.0488
 4 A   0.0131  -0.0172   0.0603   0.0535    -0.09  -0.0712  -0.0172   0.0118   0.0889   0.0361   0.0367   -0.047  -0.0721   0.0121   0.1604  -0.0669   0.0578    0.091   0.0502    -0.08
 5 A   0.1028   0.0526  -0.0189   0.0504   -0.046   0.0675   -0.052   0.0725   0.0519   0.0553   0.0425  -0.0441    -0.01   0.0797   0.0811  -0.0274   0.0044   0.0312  -0.0994   0.0245
 6 A   -0.007   0.0054   0.0262   0.0447   0.0993     0.08  -0.0173    0.035   0.0348   0.0648  -0.0411  -0.1184   0.0365   0.0519   0.0718   0.0511   0.1239   0.0846    0.008  -0.0595
 7 A   -0.096   -0.124   0.0318   0.0269   0.1211   0.0078   0.0106   0.1057  -0.0752   0.0449    0.079   0.0096   0.0122  -0.0837   0.0836   -0.039  -0.0533   0.0604  -0.0218   0.0566
 8 A  -0.0267  -0.0727  -0.0859   0.0866  -0.0911   0.0271  -0.0103  -0.0066  -0.0071  -0.0684   0.0742  -0.1336  -0.0648   0.0127  -0.0293   0.0488  -0.0609   0.0163   0.0509   0.0606
 9 A   0.0121    -0.14  -0.0146  -0.1834  -0.1798   0.0566  -0.1861   0.0282   0.0277   0.1246   0.0425   0.0977   0.2108   0.0669  -0.1854   0.1959   0.0338   0.0039   0.0665   -0.123
