            A        R        N        D        C        Q        E        G        H        I        L        K        M        F        P        S        T        W        Y        V
 1 A   0.0046   0.0488  -0.0671  -0.1006  -0.0369  -0.0756  -0.0355   0.0002   0.0098   0.0462    0.024   0.0259   0.0171   0.0053  -0.0777  -0.0001  -0.0448   0.0162   0.0123  -0.0131
 2 A   0.0604  -0.0039  -0.0313  -0.0143   0.0004    0.015  -0.0055   0.0163  -0.0277   0.0298   0.0026  -0.0252   0.0162   -0.008   0.3705   0.0049   0.0052   0.0634   -0.016   0.0275
 3 A    0.042    0.113  -0.0095   0.0047   0.0556  -0.0462  -0.0278  -0.0267   -0.001  -0.0159  -0.0433  -0.0176   0.0071  -0.0244  -0.0038   0.0155  -0.0347  -0.0077   0.0134   0.0385
 4 A   0.0153   0.0131  -0.0145   0.0086  -0.0154   0.0393  -0.0004   0.0021   0.0517  -0.0389   0.0415   0.0586    0.016   0.0058   0.0004   0.0102   0.0408   0.0566   0.0342   0.0075
 5 A    0.021   0.0973   0.0539   -0.011   0.0181  -0.0222   0.0113   0.0218   0.0149   0.0022   0.0115    0.056     0.07   0.0347   0.0416   0.0539   0.0079   0.0025   0.0309   0.0262
 6 A  -0.0093   0.0987   0.0367   0.0224   0.0017   0.0268   0.0035   0.0509   0.0395  -0.0015   0.0112   0.0394   0.0464   0.0163   0.0542    0.004   0.0854   0.0383  -0.0132   0.0404
 7 A   0.0416   0.0352   0.0083  -0.0577    0.001  -0.0034  -0.0408   0.0263   0.0119   0.0227   0.0265  -0.0241   0.0308   0.0256  -0.0116   0.0119   0.0429   0.0185   0.0007     0.02
 8 A   0.0613  -0.0105  -0.0633  -0.0138  -0.0665   0.0021  -0.0071  -0.0215  -0.0277   0.0411  -0.0056  -0.0189  -0.0049  -0.0073   0.0334   0.0478  -0.0067  -0.0077  -0.0514   0.0044
 9 A  -0.0072  -0.0497  -0.0713   0.0666   -0.023  -0.0143   0.0038  -0.0114   0.0671   0.0258   0.0889  -0.0252   0.1686   0.0549  -0.0172  -0.0673  -0.0415  -0.0089  -0.0428  -0.0039
