            A        R        N        D        C        Q        E        G        H        I        L        K        M        F        P        S        T        W        Y        V
 1 A   0.0095   -0.016  -0.0021  -0.0501    0.012  -0.0439   0.0048  -0.0521  -0.0449  -0.0364  -0.0033  -0.0721   0.0162  -0.0066  -0.0357  -0.0073  -0.0387   0.0137   0.0446  -0.0462
 2 A   0.0942   0.0358  -0.1025  -0.0906  -0.0092  -0.0281  -0.0191  -0.0587  -0.0178   0.0914   0.0521  -0.0555   0.0456  -0.0285   0.0255   0.1295   0.1459   0.0598   0.0368   0.0633
 3 A   0.0233  -0.0025   0.0444   0.0952   0.0221  -0.0288   0.0009   -0.049  -0.0353  -0.0052  -0.0275   -0.044   0.0016  -0.0291  -0.0015   0.0287  -0.0313  -0.0215   0.0043  -0.0312
 4 A  -0.0115    0.023  -0.0002   0.0255   0.0244   0.0288   0.0008   0.0255   0.0157  -0.0185  -0.0024   0.0097    0.016  -0.0319   0.0093    0.025   0.0691  -0.0185   0.0012   0.0252
 5 A   0.0376   0.0168   0.0116   0.0023  -0.0207   0.0397   0.0162    0.013   0.0384   0.0047   0.0382   0.0078   -0.001   0.0976   0.0059   0.0059   0.0327   0.0168   0.0544   0.0086
 6 A   0.0194   0.0279   0.0327   0.0553  -0.0171   -0.013    0.027   0.0442   0.0412   0.0309   0.0041  -0.0297   0.0422   0.0537  -0.0039   0.0249    0.048   0.0527   0.0001   0.0354
 7 A   0.0541   0.0078  -0.0293    0.007  -0.0983  -0.0109  -0.0169   0.0201   0.0274  -0.0063   0.0062  -0.0313   0.0083   0.0347   0.0186   0.0116   0.0217   0.0584  -0.0183   0.0055
 8 A   0.0056  -0.0451  -0.0768  -0.0261  -0.0091  -0.0729  -0.0058  -0.0155  -0.0089   0.0256   0.0254  -0.0247   0.0183   -0.034  -0.0152  -0.0028   0.0091  -0.0359     0.05   0.0008
 9 A  -0.0003  -0.0159    0.024   0.0391   0.0032  -0.1245  -0.0559  -0.0705   0.0223  -0.0027   0.0134  -0.0246   0.0144  -0.0022   0.0084  -0.0111  -0.0063   0.0304   0.1174   0.0124
