            A        R        N        D        C        Q        E        G        H        I        L        K        M        F        P        S        T        W        Y        V
 1 A  -0.0539  -0.0614  -0.0065   0.0062    -0.05  -0.0392   0.0576  -0.0204   0.0587  -0.0161   -0.059  -0.0993    0.079   0.1534  -0.0319  -0.0319  -0.0174   0.0467   0.0216   -0.038
 2 A   0.1168   0.0051   0.1369    0.008   0.0361   0.0474  -0.0066   0.0034  -0.0563   0.0334   0.0406  -0.0342   0.1008   0.0084   0.0639    0.021   0.1345  -0.1371    -0.02   0.1121
 3 A  -0.0038   -0.038   0.0137  -0.0313   -0.089  -0.0071   -0.029  -0.0596  -0.0144   0.0736   0.0435     -0.0   0.1023   0.0226  -0.0114  -0.0141   0.0706   0.0995   0.0654  -0.0304
 4 A   0.0771   0.0142   0.0282   0.0682   0.0197   0.0074   0.0026   0.0025   0.0006   0.0221  -0.0315    -0.02   0.0312   0.0677   0.0231   0.0429  -0.0024   0.0643   0.0268   0.0169
 5 A   0.0301   0.0093  -0.0069   0.0104   0.0274   0.0566   0.0151   0.0271   0.0452   0.0533   0.0138  -0.0179   0.0769   0.0268    0.108   0.0623   -0.038   0.0619   0.0453   0.0639
 6 A   0.0227   0.0023   0.0503   -0.027   0.0273   0.0427  -0.0573   0.0558  -0.0093    0.071   0.0408  -0.0263   0.1668   0.1451   0.0409    0.028   0.0289   0.0197   0.0513   0.0466
 7 A   0.0046  -0.0248    0.021   0.0072   0.0214  -0.0201   0.0108  -0.0148   0.0971   -0.006  -0.0105   -0.001   0.0353     0.07   0.0339   0.0097   0.0101  -0.0061   0.0363    0.043
 8 A   0.0015  -0.0198   0.0278    -0.04  -0.0311  -0.0087  -0.0019  -0.0124   0.0618   0.0073   0.0173  -0.0042  -0.0202   0.0535   0.0309  -0.0064  -0.0392  -0.0038   0.0084  -0.0079
 9 A   0.0671   0.0155  -0.0568  -0.0676  -0.0573  -0.0422  -0.0627  -0.1349  -0.0479   0.1089   0.0893   -0.038   0.1818  -0.0048  -0.0183   0.0217   0.1942  -0.0385  -0.0049   0.1121
