            A        R        N        D        C        Q        E        G        H        I        L        K        M        F        P        S        T        W        Y        V
 1 A  -0.0078   0.1566  -0.0381  -0.0395  -0.0602   0.0285  -0.1176   0.1029   0.0537  -0.0207  -0.0723   0.0957   -0.154  -0.0606  -0.0474   0.1035    -0.04   0.0117  -0.0173   0.0518
 2 A   0.0249   0.0937  -0.0865   0.0385  -0.0213   0.0384  -0.0763   -0.143   -0.066   0.0815  -0.0182  -0.0158   0.2508    0.003   0.0384   0.0449   0.1398   0.0989   0.1256   0.1114
 3 A   0.0753   0.0458   -0.027  -0.0188  -0.1338  -0.0733  -0.0632  -0.0967   0.1347  -0.0006  -0.0353   0.0658    0.008   0.0391   0.0671   0.1827   0.0789  -0.0707  -0.0023   0.0258
 4 A  -0.1261  -0.0478   0.1347   0.0303    -0.09  -0.0659  -0.0025   0.1251   0.1154   0.0611  -0.0595   0.0676  -0.0721   0.1931   0.0323   0.0704   0.0568  -0.0304   0.0502   0.0605
 5 A   0.0767   0.0119  -0.0976  -0.0453   0.0301    0.076   0.1043   0.0399   0.0436   0.0852   0.0596   0.0768   0.0714   0.0113   0.0692  -0.0239   0.2242   0.0752  -0.1959   0.0228
 6 A  -0.0896   0.0993   0.0442  -0.0107   0.0797   0.0336  -0.1006   0.0394   0.1019   0.0428    0.024   0.0155   0.1824   0.1034  -0.0868   0.0356   0.0312   0.0846   0.0698   0.0655
 7 A   -0.096  -0.0133   0.0592   -0.163   0.1462  -0.0371  -0.0837    0.158  -0.0752  -0.0496   0.0451   0.0071   0.0181   0.0317   0.1429  -0.0673   0.1523   0.0575   0.0786   0.0458
 8 A   0.0112  -0.0272   0.0787  -0.0205  -0.0911   -0.174   0.0728   0.0426    0.084  -0.0908  -0.0019   0.0659   0.0039   0.0863   0.1475   -0.085  -0.0858   0.0163   0.0326  -0.0182
 9 A   0.0117  -0.0012    0.024   0.0658  -0.0686  -0.0963   -0.086  -0.0027   0.0213   0.0513  -0.0015   0.0977   0.0123   0.0494   0.0102   0.0491   0.0338   -0.013    0.235  -0.1311
