            A        R        N        D        C        Q        E        G        H        I        L        K        M        F        P        S        T        W        Y        V
 1 A   0.0192  -0.0126  -0.0112  -0.0552  -0.0026  -0.0441  -0.0042  -0.0578  -0.0499  -0.0094  -0.0009  -0.0664   0.0149  -0.0057  -0.0231   0.0034  -0.0396   0.0413   0.0519  -0.0671
 2 A   0.1136   0.0379  -0.1027  -0.0937  -0.0213   -0.042  -0.0223  -0.0601  -0.0159    0.095   0.0617  -0.0733   0.0342  -0.0412   0.0175   0.1191   0.1231   0.0839   0.0458   0.0699
 3 A    0.007   0.0152   0.0513   0.0825    0.017  -0.0241   -0.037  -0.0492  -0.0237   0.0034  -0.0349  -0.0451  -0.0118  -0.0135   0.0176   0.0446  -0.0187  -0.0423    0.019  -0.0343
 4 A   0.0018   0.0314  -0.0046   0.0303   0.0194   0.0368   0.0086   0.0251   0.0185  -0.0394   0.0204  -0.0236  -0.0011  -0.0377   0.0248   0.0429   0.0815  -0.0308  -0.0147   0.0304
 5 A   0.0238   0.0057   0.0126   0.0226  -0.0194   0.0459   0.0347   0.0013   0.0398  -0.0075    0.041   0.0228   -0.011   0.0865  -0.0025   0.0159   0.0557  -0.0077    0.038   0.0181
 6 A   0.0253   0.0194   0.0237   0.0549  -0.0065  -0.0149   0.0536   0.0467   0.0669   0.0311   0.0054   -0.033   0.0112   0.0527  -0.0306   0.0438   0.0497   0.0521  -0.0123   0.0242
 7 A   0.0778   0.0195  -0.0443  -0.0032  -0.1104  -0.0222  -0.0159   0.0164   0.0173   0.0025   0.0151  -0.0196   0.0159   0.0273   0.0312   0.0111   0.0164   0.0545  -0.0182    0.005
 8 A   0.0112  -0.0421  -0.0745  -0.0118   -0.016  -0.0653  -0.0256  -0.0192    0.014   0.0246  -0.0025   0.0041   0.0134  -0.0489  -0.0284   0.0043   0.0089  -0.0317    0.083  -0.0104
 9 A   0.0055  -0.0131    0.024   0.0314   0.0126  -0.1194  -0.0269  -0.0791   0.0176  -0.0119   0.0252  -0.0428   0.0178  -0.0132   0.0018  -0.0115  -0.0093   0.0248   0.0907   0.0168
