            A        R        N        D        C        Q        E        G        H        I        L        K        M        F        P        S        T        W        Y        V
 1 A    0.008   0.0407  -0.0298   0.0853  -0.2404   -0.206  -0.0627  -0.0309  -0.3283  -0.0187  -0.1206   0.0663   0.0653   0.0557  -0.0031   0.2015  -0.0851   0.0117  -0.0472  -0.0014
 2 A   0.0601  -0.2613  -0.0373   0.0385  -0.1141   0.2097   -0.222  -0.0737   -0.066  -0.1063  -0.0803  -0.0158    0.205   0.2828  -0.2502  -0.0853  -0.0421   0.2949   0.3112  -0.1908
 3 A   0.0978   0.0395  -0.0647   0.0078  -0.0166   -0.088   0.0134  -0.1109  -0.0307   0.1277  -0.0234  -0.2532  -0.0577   0.0222   -0.119  -0.0893   0.0691  -0.0799   0.1223   0.0241
 4 A  -0.2183   -0.174  -0.0149  -0.0365    -0.09   0.0826   0.0328  -0.0894   0.0781   0.0202  -0.0015  -0.0067   0.0295   0.1364  -0.0124  -0.1063   0.2047  -0.0304   0.0502   0.0465
 5 A   0.0767   0.1733  -0.1869  -0.0302   0.0571     0.01  -0.0748   0.0828      0.2   0.1245  -0.1472  -0.0317    -0.01   0.0696  -0.1395  -0.1375   0.1922   0.0768  -0.0678  -0.0632
 6 A  -0.0347   0.0095   0.1909  -0.1547   0.0774  -0.1372  -0.1047  -0.0373   0.1024   0.2738  -0.2109   -0.051   0.0865   0.0857  -0.0868   0.0497  -0.0277   0.0846   0.0869  -0.0678
 7 A   -0.096  -0.0948   0.0229   0.0726  -0.1535  -0.0508  -0.0798  -0.0347  -0.0752  -0.0692  -0.0127  -0.1483   0.0122   0.0897   0.0931  -0.0717   0.1227   0.0839   0.0669   0.0494
 8 A   0.0112  -0.1674   0.1216  -0.0799  -0.0911  -0.0442   0.0246   0.0426   0.1382  -0.0793   0.0285   0.0904  -0.0058  -0.1735  -0.1084  -0.2406  -0.1902   0.0163   0.0229   0.1243
 9 A   0.1627  -0.2888    0.024   0.0658  -0.1213  -0.0963  -0.4237  -0.3922  -0.4282   0.3041   0.2474   0.0977   0.2698    0.501  -0.2196  -0.3901  -0.3204   0.4658  -0.0376   -0.026
