            A        R        N        D        C        Q        E        G        H        I        L        K        M        F        P        S        T        W        Y        V
 1 A     0.04   0.0086  -0.0038  -0.0531  -0.0706  -0.0112   0.0142   0.0278  -0.0331   0.0078  -0.0162    0.037  -0.0591   0.0349  -0.1758   0.0859   0.0028   0.0274  -0.1041  -0.0604
 2 A   0.0601   0.0238  -0.0373   0.0236   0.0331   0.0335   0.2816  -0.0251   -0.066   0.0162   0.0146    0.002   0.0457   0.0098   0.0231  -0.0134  -0.0298   0.0329  -0.0545   0.0253
 3 A   0.1517   0.0496   0.0052  -0.0335  -0.0794  -0.0104   0.0817   0.0051  -0.0424   0.0362   0.0134  -0.0167  -0.0577   0.0273  -0.0017   -0.072   0.0011  -0.0707  -0.0099  -0.0009
 4 A  -0.0133  -0.0172   0.0828   0.0252    -0.09  -0.0333  -0.0009   0.0056   0.0889    0.058   0.0314  -0.0315  -0.0721    0.047    0.117  -0.0669   0.0808   0.0638   0.0502  -0.0528
 5 A   0.1146   0.0687   0.0093   0.0471   -0.046    0.103  -0.0279   0.0523   0.0408   0.0605  -0.0127   0.0091    -0.01   0.0634   0.0528  -0.0382   0.0315   0.0283  -0.0994   0.0399
 6 A   0.0035   0.0054   0.0443   0.0528   0.0824   0.0464  -0.0501   0.0522   0.0509   0.0728  -0.0517  -0.0867   0.0516   0.0423   0.0339   0.0511   0.0965   0.0846   0.0411  -0.0709
 7 A   -0.096   -0.108   0.0021   0.0043   0.1241   0.0078   0.0106   0.1146  -0.0752   0.0405   0.0454   0.0472   0.0122  -0.0418   0.0803   -0.035  -0.0623   0.0478  -0.0292     0.05
 8 A  -0.0023  -0.0727  -0.0805   0.0823  -0.0911  -0.0096  -0.0394   0.0077  -0.0286   -0.053   0.0993  -0.0728  -0.0269   0.0152  -0.0577   0.0488  -0.0609   0.0163   0.0627   0.0758
 9 A   0.0052  -0.1031   0.0013  -0.0901  -0.1338   0.0008   -0.151   0.0164    0.029   0.0675   0.0314   0.0977   0.1635   0.0446  -0.1113   0.1423   0.0338  -0.0255   0.0525   -0.038
