            A        R        N        D        C        Q        E        G        H        I        L        K        M        F        P        S        T        W        Y        V
 1 A  -0.0089   0.0631   -0.026  -0.0445  -0.0521   -0.053  -0.0346  -0.0067  -0.0009  -0.0251  -0.0213  -0.0128  -0.0367  -0.0217  -0.0158   0.0071   -0.029   0.0224   0.0445  -0.0165
 2 A   0.0186   0.2575  -0.0416  -0.0943  -0.0109   0.1214   0.0055  -0.0231   0.0285   0.0026    0.016   0.1074   0.0817  -0.0459   -0.009   0.0249     0.01   0.0004  -0.0168  -0.0005
 3 A   0.0246  -0.0133  -0.0092  -0.0119  -0.0132   0.0068   0.0018  -0.0381  -0.0149    0.019   0.0208  -0.0172   0.0065   0.0237  -0.0184   -0.006  -0.0346    0.007   0.0646  -0.0001
 4 A   0.0113   0.0149   0.0161  -0.0096    0.039   0.0086   0.0012   0.0505  -0.0219   0.0203   0.0258   0.0153   0.0224   0.0284  -0.0013   0.0272   0.0064   0.0122   0.0215   0.0005
 5 A   0.0427   0.0164   0.0229   0.0211   0.0007   0.0212  -0.0164   0.0225   0.0456   0.0329   0.0376   0.0462   0.0306   0.0236   0.0196   0.0139   0.0281   0.0512   0.0121   0.0206
 6 A   0.0455   0.0362   0.0431  -0.0119   0.0143   0.0016   0.0437   0.0302   0.0414   0.0312   0.0301   0.0321   0.0166     0.03   0.0118   0.0446   0.0331   0.0182   0.0087   0.0393
 7 A   0.0283   0.0213  -0.0106  -0.0163  -0.0352   0.0113  -0.0145  -0.0016   0.0145   0.0199   0.0186   0.0276  -0.0086    -0.01    0.011   0.0156  -0.0071   0.0243   0.0644  -0.0048
 8 A  -0.0085   -0.023  -0.0179  -0.0292   0.0056  -0.0163  -0.0287   0.0213  -0.0018  -0.0241    0.017   0.0073  -0.0275  -0.0068   0.0267   0.0144  -0.0038  -0.0144  -0.0487   0.0071
 9 A  -0.0288   0.0484  -0.0457  -0.0033  -0.0265   0.0029   0.0177  -0.0222   0.0255  -0.0134   0.0013   0.0673   -0.005   0.0421  -0.0159   -0.003   0.0017  -0.0129   0.0193  -0.0001
