            A        R        N        D        C        Q        E        G        H        I        L        K        M        F        P        S        T        W        Y        V
 1 A   0.0122   0.1324   -0.028  -0.0395  -0.0388     0.06  -0.1353   0.0916   0.0484   -0.044  -0.0807   0.1052  -0.1604  -0.0781  -0.0179   0.1336  -0.0334   0.0117  -0.0335   0.0334
 2 A   0.0067   0.0937  -0.1132   0.0385  -0.0395   0.0455  -0.0772  -0.1626   -0.066   0.0751  -0.0012  -0.0158   0.2726  -0.0144   0.0384   0.0043    0.197   0.1125   0.1304   0.1031
 3 A   0.0448   0.0368  -0.0546  -0.0101  -0.1293  -0.0665  -0.0782   -0.104   0.1193   0.0152  -0.0223   0.0751  -0.0184   0.0287   0.1232   0.1944   0.0776  -0.0707   0.0043   0.0431
 4 A  -0.1073  -0.0549    0.132    0.016    -0.09  -0.0727  -0.0204   0.1215   0.1179   0.0529  -0.0541    0.099  -0.0721   0.2118   0.0312    0.057   0.0616  -0.0304   0.0502   0.0416
 5 A   0.0767    0.015  -0.1308  -0.0367   0.0729   0.0684   0.0762   0.0192   0.0464   0.0636   0.0284   0.0849   0.0824   0.0149   0.0901  -0.0166   0.2162   0.1008  -0.2122   0.0438
 6 A  -0.1076   0.1047   0.0337   0.0031   0.0749  -0.0463  -0.1079    0.037   0.1138   0.0359   0.0585   0.0236   0.1657   0.1266  -0.0868    0.046   0.0298   0.0846    0.075   0.0866
 7 A   -0.096  -0.0016   0.0672  -0.1901   0.1404   -0.042  -0.0604     0.17  -0.0752  -0.0542   0.0037   0.0067   0.0125   0.0075   0.1431  -0.0288   0.1889   0.0698   0.0683   0.0241
 8 A   0.0112  -0.0244   0.0956   -0.025  -0.0911  -0.1855   0.0957   0.0426   0.0873  -0.1009   0.0262   0.0499   0.0045   0.0762    0.204  -0.1186  -0.1113   0.0163   0.0211  -0.0164
 9 A   0.0246  -0.0012    0.024   0.0658  -0.0686  -0.0963   -0.086  -0.0027   0.0213    0.049  -0.0005   0.0977   -0.009   0.0456   0.0102   0.0491   0.0338   0.0051   0.2426  -0.1967
