            A        R        N        D        C        Q        E        G        H        I        L        K        M        F        P        S        T        W        Y        V
 1 A  -0.1133  -0.0969   0.0126  -0.0249  -0.0116  -0.0846   0.0097  -0.1005   0.0226   0.0181   0.0249  -0.0975   0.1877   0.1441   -0.149  -0.0425   0.0536   0.1117   0.0623  -0.0462
 2 A   0.2743  -0.0733  -0.0809  -0.0299   0.0866  -0.0388  -0.0273   0.1275  -0.0358   0.0656  -0.0002  -0.1768   0.1214   0.0795   0.2361   0.0681  -0.0025  -0.0807   0.0229   0.0657
 3 A   0.0516  -0.0835   0.0267   0.0299  -0.0978  -0.0176   0.0184  -0.0288   0.0972   0.0009  -0.0413   -0.056   0.0212   0.0364  -0.0802   0.0283  -0.0058   0.1527    0.025   0.0739
 4 A  -0.0111   0.0057   0.0665   0.0425  -0.0309   0.0555  -0.0211   0.0451  -0.0336    0.022  -0.0434  -0.0421   0.0506   0.1013   0.0414    0.014   0.0831    0.054  -0.0353   0.0871
 5 A   0.0611   0.0843   0.0026   0.0722   0.0793   0.0888  -0.0099   0.0365  -0.0161  -0.0036   0.0425  -0.0945   0.1388   0.0711  -0.0205   0.0552  -0.0393   0.0525   0.0205   0.0407
 6 A   0.0066   0.0108  -0.0123   0.1369  -0.0289   -0.019   0.0666   0.0113  -0.0032   0.0643  -0.0313   0.0432   0.0155   0.0704   0.0583   0.0228   0.0629   0.0386   0.0743    0.124
 7 A   0.1008  -0.0567    0.021   0.0123  -0.0924   0.0041     0.02  -0.0287   0.0376  -0.0231   0.0532   -0.063   0.0069    0.078  -0.0108   0.0056   0.0755   0.0734   0.0548   0.0375
 8 A   0.1032   0.0019   -0.153  -0.0432   0.0457  -0.0859   0.0281  -0.0187  -0.1289   0.0947   0.0214  -0.0593   0.0203   0.0109   0.1196  -0.0166   0.0543  -0.0434  -0.0044   0.0489
 9 A   0.0073   0.0045   0.0298  -0.0183  -0.0029  -0.0843  -0.1145   -0.168   0.1883   -0.031   0.0628  -0.0625   0.2322   0.1742  -0.0595  -0.0911  -0.0169   0.0132   0.2643  -0.1201
