            A        R        N        D        C        Q        E        G        H        I        L        K        M        F        P        S        T        W        Y        V
 1 A  -0.0056  -0.0211  -0.0063  -0.0409   0.0258   -0.042  -0.0011  -0.0355  -0.0255  -0.0421  -0.0002  -0.0644   0.0146  -0.0133   -0.035  -0.0091  -0.0206  -0.0131   0.0406  -0.0381
 2 A   0.0836   0.0218  -0.0907  -0.0881  -0.0049  -0.0171  -0.0145  -0.0371  -0.0088   0.0814   0.0574  -0.0517    0.055  -0.0277   0.0264   0.1443   0.1534   0.0272   0.0224   0.0599
 3 A   0.0341  -0.0047   0.0235   0.1121   0.0265  -0.0144   0.0246   -0.042  -0.0392  -0.0162  -0.0284  -0.0595   0.0109  -0.0248  -0.0176   0.0358  -0.0438   0.0004  -0.0026  -0.0391
 4 A  -0.0083   0.0206   0.0005    0.023   0.0337   0.0328  -0.0081   0.0199   0.0174  -0.0166  -0.0034   0.0212   0.0193  -0.0142   0.0001   0.0131   0.0517  -0.0002   0.0149   0.0204
 5 A   0.0475   0.0309   0.0137  -0.0031  -0.0181   0.0498   0.0019   0.0145   0.0278   0.0192   0.0253   0.0039  -0.0043    0.091   0.0168   0.0095   0.0094   0.0318   0.0629   0.0179
 6 A   0.0186   0.0337   0.0513   0.0516  -0.0171  -0.0041   0.0033   0.0379   0.0264   0.0316  -0.0073  -0.0245   0.0581   0.0642   0.0178   0.0168   0.0446   0.0386   0.0233   0.0329
 7 A   0.0347  -0.0063  -0.0172   0.0092  -0.0962   0.0076   0.0049   0.0176   0.0259  -0.0091   0.0117   -0.022   0.0195   0.0292  -0.0013   0.0059   0.0237   0.0592   -0.007   0.0019
 8 A   0.0054  -0.0344  -0.0542  -0.0281   0.0025  -0.0694    0.005  -0.0245  -0.0121    0.026   0.0521    -0.03   0.0073  -0.0113  -0.0161  -0.0082  -0.0043  -0.0381   0.0144   0.0019
 9 A  -0.0006  -0.0123    0.024   0.0485  -0.0049  -0.1192  -0.0768  -0.0636   0.0271  -0.0064   0.0024  -0.0096   0.0081   0.0125   0.0118  -0.0189  -0.0084   0.0168   0.1578   0.0045
