            A        R        N        D        C        Q        E        G        H        I        L        K        M        F        P        S        T        W        Y        V
 1 A  -0.0166   0.0441     -0.1  -0.0395  -0.0706  -0.0815  -0.0627  -0.0309  -0.0206   0.0078  -0.0162   0.1597  -0.0591   0.0375  -0.0945   0.0015  -0.0165   0.0117  -0.0802  -0.0224
 2 A   0.0851   0.0471   -0.028  -0.0484    0.065  -0.0096  -0.0972  -0.0031  -0.0817   0.0049  -0.0803  -0.0084   0.0553  -0.0345  -0.0346   0.1684   0.1891   0.0669  -0.0367   0.0618
 3 A  -0.0605    0.017   0.0284  -0.1181  -0.0794  -0.0104   0.0817   0.0269  -0.0424   0.0081  -0.0961   0.0859  -0.0577     0.09  -0.0017  -0.0893   0.0148  -0.0707   0.0557     0.04
 4 A  -0.0795  -0.0172   0.0389  -0.0877    -0.09   0.0753  -0.0145    0.003   0.0889   0.0552   0.0807   0.0585  -0.0721   0.0615   0.0615  -0.0669   0.0855  -0.0304   0.0502  -0.0748
 5 A   0.0767   0.0247   0.0502  -0.0302   -0.046   0.0792   0.0235   0.0222   0.1147  -0.0229  -0.0771   0.0094    -0.01   0.0157  -0.0184  -0.0526   0.0807   0.0147  -0.0312   0.1107
 6 A  -0.0819   0.0054   0.0772  -0.0285   0.0817   0.0247  -0.0968   0.0859   0.0382   0.0995  -0.0655  -0.0814   0.0865   0.0772  -0.0658    0.013   0.0508   0.0846   0.0423   0.0424
 7 A   -0.096  -0.1273  -0.0943  -0.0508    0.072   0.0078  -0.0367   0.0684   0.0069  -0.0442   0.0702   0.0486   0.0122  -0.0963   0.0601  -0.0914   0.1295  -0.0224   0.0727   0.0873
 8 A   0.0133  -0.0727   -0.088  -0.0757  -0.0911  -0.0785  -0.0549   0.0804   0.0119  -0.0293  -0.0856   0.0935   0.0136  -0.0593  -0.0495   0.0488  -0.0989   0.0163    0.094   0.0761
 9 A   -0.052  -0.0012  -0.0745  -0.0244  -0.0953  -0.0753   -0.147   -0.038  -0.0223   0.0141  -0.0365   0.0977   0.0349   0.1221  -0.0702   0.0033  -0.0612   0.2707   0.1198  -0.0827
