            A        R        N        D        C        Q        E        G        H        I        L        K        M        F        P        S        T        W        Y        V
 1 A   0.0884  -0.0677  -0.1441  -0.1832   0.0049  -0.0034  -0.1115   0.0397   -0.089  -0.0343   0.0163   -0.008   0.1112    0.311  -0.1532   0.0301   -0.036   0.0208   0.0485   -0.048
 2 A   0.0397  -0.1145  -0.1338  -0.1765  -0.0136   0.0593   -0.083   -0.027   -0.066   0.1227   0.3246  -0.0158   0.3265  -0.0717  -0.2454   0.0502   0.0676   0.0639   0.3272   0.0433
 3 A    0.081   0.0104  -0.0085  -0.0869  -0.0722  -0.0106  -0.1315  -0.0775   -0.103   0.0698  -0.0205  -0.0269   0.1049    0.088  -0.0525   0.0962   0.0964  -0.0237   0.0991    0.027
 4 A  -0.0159  -0.0967   0.0294   0.1066   -0.024   0.0606   0.1355   0.0518  -0.0622    0.073  -0.0485   0.0716  -0.0359   0.0155   0.0571   0.0604  -0.0541   0.0257  -0.0326   0.0436
 5 A   0.0285    0.032   0.0266   0.0444   0.0522   0.0782   0.0988   0.0096   0.1549   0.1466   0.0109  -0.0268  -0.0305  -0.0746  -0.0542   -0.007  -0.0796   0.0024   0.1234   0.0344
 6 A   0.0006  -0.0741   0.0487    0.022  -0.0153   0.1021   0.0319  -0.0228    0.014   0.1148   0.2035  -0.1239   0.0042   0.0775   0.0209   0.1104   0.0903  -0.0949   0.0872   0.0176
 7 A   0.0321  -0.1388    0.061   0.0283   0.0757  -0.0383   0.0238  -0.0347   0.0706  -0.0385  -0.0441  -0.1604   -0.026   0.1041  -0.1383  -0.0029   0.1328   0.0672   0.1625   0.0812
 8 A   0.0099    -0.02  -0.0524   -0.166  -0.0393   0.0096   0.0381   0.0432  -0.0877  -0.0324   0.0338  -0.0512  -0.0631   0.1395   0.0167   0.0917  -0.0421   0.0455   0.0878   -0.051
 9 A   0.1026   -0.117  -0.1286   0.0658  -0.1491  -0.0963   -0.086  -0.0027   0.0213   0.1605   0.2412  -0.1431    0.093    -0.01   0.0102  -0.0788  -0.0242   0.0621  -0.0978   0.2567
