            A        R        N        D        C        Q        E        G        H        I        L        K        M        F        P        S        T        W        Y        V
 1 A   0.0524    0.064   0.0663  -0.1084  -0.0706   0.0324  -0.0627   0.0306  -0.0275   0.0078  -0.0162   0.1065  -0.0591    -0.13  -0.1762   0.0183   0.1074   0.0479     0.02  -0.1734
 2 A   0.0601   0.0062  -0.0034   0.0007  -0.0004   0.0789   0.2223  -0.0046   -0.002  -0.0099  -0.0036  -0.0158   0.0003   -0.002  -0.0045  -0.0043  -0.0073   0.0669  -0.0232  -0.0002
 3 A   0.0583   0.0496   0.0733   -0.058  -0.0794  -0.0104   0.0817  -0.0413  -0.0424  -0.0491  -0.1055  -0.0957  -0.0577   0.0311  -0.0079   0.0484   0.0809  -0.0707   0.0519   0.1295
 4 A  -0.0531  -0.0172   0.1201  -0.0747    -0.09  -0.0914  -0.0314   0.0597   0.0889   0.0307    0.147   0.1015  -0.0721   0.1285  -0.0392  -0.0669    0.057   0.0305   0.0502  -0.0339
 5 A   0.0657   0.0212   0.0049   0.0851   -0.046    0.037   0.0114   0.1244   0.0206  -0.0744   -0.032   0.0634    -0.01   0.0356    0.062   0.0283   0.0379  -0.0067   0.1719  -0.0614
 6 A  -0.0998   0.0054   0.0958   0.0887   0.0481   0.0918  -0.0749   0.0213   0.0401   0.2086  -0.0972   0.0211   0.0452  -0.0143   0.0076   0.0511   0.1236   0.0846   0.0608  -0.0776
 7 A   -0.151  -0.0373   0.0275  -0.0834   0.1403   0.0078   0.0106   0.0684  -0.0752   0.0097   0.1495  -0.0562   0.0122  -0.0012    0.159   0.0031  -0.0438    0.091  -0.0372   0.0024
 8 A   -0.019  -0.0727  -0.0852  -0.0144  -0.0911   0.1199  -0.0068   0.0017   0.0441  -0.1156  -0.0056  -0.0832   -0.085   0.0352   0.0291   0.0488   0.1416   0.0163   0.0854  -0.0521
 9 A   0.0055   -0.085  -0.0429  -0.1231  -0.1116   0.0261  -0.1265  -0.0091   0.0213   0.1629   0.0052  -0.1172   0.2043   0.1535   0.0102  -0.0834   0.0338   0.1176   0.0959  -0.1028
