            A        R        N        D        C        Q        E        G        H        I        L        K        M        F        P        S        T        W        Y        V
 1 A   0.0568   0.0582  -0.0068  -0.0352  -0.0706  -0.0051  -0.0627   0.0455  -0.0511   0.0078  -0.0162   0.0763  -0.0591  -0.0823  -0.1579   0.0509   0.0655    0.043  -0.0273  -0.1333
 2 A   0.0601    0.036  -0.0107   0.0169   0.0272   0.0789   0.2362  -0.0273  -0.0181   0.0181  -0.0264  -0.0158   0.0374   0.0054   0.0032  -0.0243  -0.0064   0.0669  -0.0768   0.0224
 3 A   0.1166   0.0496   0.0622  -0.0435  -0.0794  -0.0104   0.0817  -0.0413  -0.0424  -0.0287  -0.1009  -0.0407  -0.0577   0.0292  -0.0241   0.0218    0.028  -0.0707   0.0265   0.0918
 4 A  -0.0594  -0.0172   0.0793  -0.0247    -0.09   -0.044  -0.0087   0.0445   0.0889   0.0264   0.1368    0.074  -0.0721   0.0959  -0.0134  -0.0669   0.0578   0.0136   0.0502   -0.014
 5 A   0.0715   0.0272   0.0216   0.0617   -0.046    0.076  -0.0197   0.0858   0.0472  -0.0268  -0.0568    0.059    -0.01   0.0254   0.0679    0.017   0.0354  -0.0126    0.084  -0.0186
 6 A  -0.0581   0.0054   0.0814   0.0569   0.0563   0.0627  -0.0974   0.0443   0.0538   0.1528  -0.0638   -0.011   0.0499  -0.0009  -0.0344   0.0511    0.109   0.0846    0.088  -0.0803
 7 A  -0.1143  -0.0531   -0.047  -0.0759    0.136   0.0078   0.0106   0.0684  -0.0752   0.0056   0.0939   0.0062   0.0122  -0.0238   0.1457  -0.0114  -0.0382   0.0539  -0.0279   0.0596
 8 A  -0.0127  -0.0727  -0.0722  -0.0316  -0.0911   0.0412  -0.0105   0.0061    0.005  -0.0903   0.0096  -0.0319  -0.0375   0.0252   -0.015   0.0488   0.0743   0.0163   0.0937  -0.0346
 9 A  -0.0213  -0.0647  -0.0243  -0.0526  -0.1027  -0.0212  -0.1146  -0.0109   0.0213   0.0742   0.0194  -0.0542   0.1433   0.1519   0.0102  -0.0411   0.0338   0.0423   0.0947  -0.0587
