            A        R        N        D        C        Q        E        G        H        I        L        K        M        F        P        S        T        W        Y        V
 1 A   0.0373   0.1241  -0.1832  -0.1804  -0.0706  -0.0096  -0.0627   0.1192   -0.039   0.0078  -0.0162   0.0861  -0.0591  -0.0215  -0.1862   0.0809  -0.0165   0.0744   0.0396  -0.0604
 2 A   0.0601   0.0779   0.0153   0.0276   0.0296   0.0308   0.2581   0.0069   0.0107   0.0179  -0.0803   0.0183   0.0282   0.0066   0.0066   0.0182  -0.0337    0.028  -0.1805   0.0261
 3 A   0.0477   0.0496   0.0166  -0.1261  -0.0794  -0.0104   0.0817   -0.044  -0.0424   0.0192  -0.0043   0.0718  -0.0577   0.0242  -0.0895  -0.0038   0.1053  -0.0707   0.0022   0.0476
 4 A    0.066  -0.0172   0.0232   0.0119    -0.09  -0.0463  -0.0008    0.003   0.0889  -0.0505   0.0318   0.0427  -0.0721   0.0615   0.1377  -0.0669  -0.0263   0.0275   0.0502   0.0629
 5 A   0.1157   0.0709  -0.0474  -0.1295   -0.046   0.0792  -0.0327   0.0772  -0.0141  -0.0292  -0.0262   0.0084    -0.01   0.0843    0.033   0.0329   0.0066   0.0285   0.3131  -0.0616
 6 A   -0.015   0.0054  -0.0022  -0.0823   0.0817   0.1471    0.002   0.0522   0.0382   0.0567  -0.0004    0.049    0.004   0.0127   -0.029   0.0511   0.0283   0.0846   0.0115   0.0097
 7 A  -0.1155  -0.0725  -0.0151  -0.1186   0.1962   0.0078   0.0106   0.0655  -0.0752   0.0505   0.0469  -0.0407   0.0122   0.0352   0.1533  -0.0422   0.0185   0.0494  -0.0234  -0.0485
 8 A  -0.0268  -0.0727  -0.0355  -0.0177  -0.0911  -0.1641   0.0306   0.0078  -0.0037  -0.0325   0.0218    0.009  -0.0399   0.0281   0.0723   0.0488   0.0454   0.0163   0.0603  -0.0646
 9 A  -0.0127  -0.1615  -0.1633   0.0658  -0.1627  -0.0341  -0.1703   0.0223   0.0213  -0.0198   0.1656  -0.1541   0.1736   0.1888  -0.1298   0.0491   0.1763  -0.0776   0.0666   0.1528
