            A        R        N        D        C        Q        E        G        H        I        L        K        M        F        P        S        T        W        Y        V
 1 A  -0.0015   0.0541  -0.0402   -0.045  -0.0456   -0.048  -0.0452   0.0046   0.0028  -0.0254   -0.016  -0.0104   -0.031  -0.0081  -0.0109   -0.008  -0.0252   0.0184   0.0361  -0.0227
 2 A    0.021   0.2749  -0.0392  -0.0813  -0.0052   0.1137   0.0155  -0.0229   0.0197   -0.007   0.0149   0.0934   0.0728  -0.0346  -0.0073   0.0221   0.0072    0.014  -0.0053   0.0006
 3 A   0.0163  -0.0199   0.0072   -0.008  -0.0055   0.0074  -0.0009  -0.0346  -0.0241   0.0141   0.0173  -0.0156   0.0191   0.0264  -0.0084  -0.0147  -0.0278   0.0137   0.0479  -0.0051
 4 A   0.0205   0.0162   0.0177  -0.0065   0.0483    0.023   0.0081   0.0532   -0.009   0.0134    0.025   0.0114   0.0201   0.0189  -0.0027   0.0151   0.0122   0.0062   0.0155   0.0008
 5 A   0.0427   0.0194    0.021   0.0228   0.0018   0.0204   -0.005   0.0189   0.0409   0.0342   0.0366   0.0397   0.0324   0.0301   0.0119   0.0165   0.0308   0.0565   0.0182   0.0296
 6 A   0.0419   0.0458   0.0404  -0.0043    0.017   0.0108   0.0454   0.0332   0.0317   0.0207   0.0214   0.0294   0.0285   0.0393   0.0163   0.0463   0.0274   0.0202   0.0188   0.0392
 7 A   0.0228   0.0152  -0.0163  -0.0092  -0.0352    0.019  -0.0187  -0.0053    0.012    0.021   0.0152   0.0196   0.0035  -0.0079    0.009   0.0159   0.0092   0.0246   0.0633    0.004
 8 A  -0.0148  -0.0173    -0.02  -0.0242   0.0084  -0.0123  -0.0299   0.0192   0.0024  -0.0282     0.01  -0.0083  -0.0209    0.002   0.0272  -0.0018  -0.0005  -0.0057  -0.0358   0.0018
 9 A  -0.0306   0.0498   -0.007  -0.0041  -0.0206  -0.0048   0.0066  -0.0179    0.012   -0.012   0.0017   0.0503    0.011    0.047   -0.013   0.0028  -0.0051  -0.0078   0.0144  -0.0055
