            A        R        N        D        C        Q        E        G        H        I        L        K        M        F        P        S        T        W        Y        V
 1 A   0.0177   0.1024  -0.0842  -0.1204  -0.0295  -0.0289    -0.08    -0.01   0.0212  -0.0237  -0.0171   0.1479   0.0462  -0.0188   -0.078   0.0172   0.0308  -0.0184  -0.0365   0.0021
 2 A   0.0933  -0.0743   0.0137  -0.1271  -0.0872   0.0822   -0.044   0.0123  -0.0086   0.0357   0.0598   -0.032   0.1404   0.1424  -0.0095   0.1042   0.1132  -0.0739   0.1546   0.0713
 3 A  -0.0438   0.0103    0.042  -0.0857   0.0795   0.0059  -0.0668  -0.0651   0.0444  -0.0016   0.0199   0.0587   0.0464    0.044  -0.0701  -0.0317   0.0401   0.1011   0.0443  -0.0591
 4 A   0.0065    0.055   0.0289   0.0351   0.0427  -0.0711  -0.0257  -0.0439   0.0584   0.0236   -0.005   0.0301   0.0476   0.0279   0.0354   0.0475   0.0087   0.0695   0.0117   0.0304
 5 A   0.0012   0.0843  -0.0094  -0.0294   0.0751   0.0084  -0.0645   0.0128    0.052   0.0797   0.0687   0.0326   0.0402   0.0661    0.014   0.0303   0.0352   0.0292   0.0739   0.0229
 6 A  -0.0474   0.0887   0.0105  -0.0195   0.0212   0.0301  -0.0668   0.0214   0.0864   0.0703   0.0781   0.0503   0.0373   0.0973   0.0167   0.0221   0.0409   0.0355   0.0831   0.0167
 7 A   0.0412   0.0106  -0.0271  -0.0743     0.03  -0.0036  -0.0379  -0.0096   0.0679   0.0039   0.0101   -0.068   0.0091   0.1153  -0.0256   0.0148   0.0072   0.0719   0.1249   0.0072
 8 A   0.0224   0.0193   0.0195  -0.0887  -0.0745   0.0045    0.001   -0.036  -0.0181  -0.0055   0.0281  -0.0178  -0.0361    0.078   0.0241  -0.0469   0.0305   -0.039   0.0886   0.0053
 9 A  -0.0301   0.4082  -0.0975  -0.0008  -0.1025  -0.0733   0.0362  -0.0815   0.0545  -0.0467   0.0017   0.1662   0.0269   0.0272  -0.0264  -0.0359  -0.0684  -0.0345   0.0339   0.0022
