            A        R        N        D        C        Q        E        G        H        I        L        K        M        F        P        S        T        W        Y        V
 1 A  -0.0471  -0.2803  -0.0905  -0.2773  -0.2086  -0.0799   0.1616  -0.0302  -0.2762   0.3163   0.1699   0.2265  -0.2599   0.0795  -0.0399    0.116   0.0403   0.0117   0.2439   0.0806
 2 A   0.2475   0.1665  -0.0373   0.0385  -0.0155   0.0277   -0.083  -0.1966   -0.205  -0.2014   0.0349  -0.0158   0.1306   0.1389   0.0384  -0.0817   0.0141   0.0592   0.3138   0.1792
 3 A   0.1671  -0.1718   0.0112  -0.1323  -0.1063   0.0037  -0.2131  -0.2186   0.0151   0.2433   0.0815   0.0406   0.0998   0.1094   0.0462  -0.0692  -0.1958   0.4428  -0.0542   0.0306
 4 A  -0.1231   0.0221   0.0496  -0.1072   0.1021  -0.0387  -0.0597   0.1284  -0.1169   0.0456  -0.0514  -0.0092  -0.0176   -0.093  -0.0788   0.1324   0.0469      0.0   0.4251   0.1828
 5 A  -0.0254  -0.0474  -0.0699   0.0433   0.2116  -0.2113  -0.1789  -0.0222   0.2158   0.1016   0.1252   0.0558   0.2024  -0.0829  -0.2455  -0.0735   0.0421    0.316   0.2153   0.0818
 6 A   0.1007  -0.0127  -0.1219  -0.1181  -0.2174  -0.0505   0.0291  -0.0162   0.1393  -0.1436   0.0257  -0.1129   0.0566   0.1223    0.186   0.0901   0.2032   0.0846   0.3809    0.065
 7 A   0.3201  -0.0404   0.0585   0.0801  -0.1747   0.2215  -0.1596   0.0949   0.0522   0.1042   0.0867  -0.0866  -0.4055   0.0146   0.0799   0.0896   0.0086  -0.1147    0.033   0.0186
 8 A  -0.3056   0.1198   0.0685   0.0833  -0.2751  -0.1216   0.1738   0.0129    0.137  -0.1479   0.1192  -0.1249   0.0993  -0.0505   0.0447  -0.1493   0.1432   0.0705   0.0764   0.0078
 9 A  -0.1601   0.0627    0.024   0.0658  -0.0686  -0.0963   -0.086  -0.0027   0.0213   0.1728   0.0951   0.1024  -0.3242   0.1451   0.0102   0.0491   0.0338   0.2323  -0.0979  -0.0098
