            A        R        N        D        C        Q        E        G        H        I        L        K        M        F        P        S        T        W        Y        V
 1 A  -0.0463   0.0607  -0.0063   0.0315  -0.1778  -0.1427  -0.0627  -0.0309  -0.2251   0.0269  -0.0729   0.1195   0.0599   0.0857  -0.0229   0.1539  -0.0572   0.0117  -0.0438    0.034
 2 A   0.0601  -0.0736  -0.0373   0.0385   0.0092   0.0178  -0.1096  -0.0181   -0.066    0.014  -0.0803  -0.0158   0.2328   0.1772  -0.0914   0.0202  -0.0215   0.1792   0.1887   0.0024
 3 A   0.0978   0.0722  -0.0287   0.0068  -0.0501  -0.0917   0.0925    -0.05  -0.0206   0.0264  -0.0116  -0.0857  -0.0577   0.0915   -0.158  -0.0893   0.0335  -0.0279   0.1457   0.0719
 4 A  -0.1592  -0.0691   0.0999  -0.0347    -0.09   0.0359   0.0328  -0.0708   0.1115   0.0875    0.032  -0.0043   0.0182   0.1197    0.002  -0.0634    0.148  -0.0304   0.0502   0.0537
 5 A   0.0767   0.1276  -0.0764  -0.0302   0.0498   0.0079   0.0217   0.0271   0.1781   0.1254  -0.1409   0.0662    -0.01   0.1141  -0.0783  -0.0571    0.153   0.0648  -0.1129  -0.0248
 6 A  -0.0347   0.0512   0.1744  -0.1241   0.0973   0.0009  -0.0742    0.033   0.0397   0.1979  -0.1714   0.0097   0.0865   0.0576  -0.0868   0.1069   0.0167   0.0846   0.1145  -0.0498
 7 A   -0.096  -0.0948   0.0393   0.0283  -0.0251   0.0215  -0.0482  -0.0419  -0.0752  -0.0523  -0.0304  -0.0646   0.0122   0.1104   0.1251  -0.0913   0.1114   0.0602    0.184   0.0494
 8 A   0.0112  -0.1172   0.0856   -0.075  -0.0911  -0.0064   0.0069   0.0426    0.084  -0.0824   0.1012   0.0913   0.0458  -0.0735  -0.1368  -0.1528  -0.0756   0.0163   0.0088   0.1289
 9 A   0.0179  -0.1428    0.024   0.0658  -0.0519  -0.0963   -0.266  -0.2061  -0.2003   0.2155   0.1437   0.0977   0.2252   0.3867  -0.0782  -0.1845   -0.155   0.3369  -0.0822   -0.026
