            A        R        N        D        C        Q        E        G        H        I        L        K        M        F        P        S        T        W        Y        V
 1 A   0.0418   0.1282  -0.0496  -0.0798  -0.0619  -0.1064  -0.0415   0.0127  -0.0054  -0.0262   0.0704   0.1131   0.0309  -0.0707  -0.0197   0.0013  -0.0202  -0.0483   0.0035   0.0298
 2 A  -0.0083  -0.0141   0.0016  -0.0444   0.0753  -0.0002   0.0109  -0.0211   0.0088   0.0173   0.0961  -0.0614   0.0695   0.0714  -0.0708   0.1238   0.0862    0.162   0.0098    0.094
 3 A  -0.0983   0.2128   0.0922  -0.0127  -0.2064   0.0028  -0.0521  -0.0421   0.1862   0.0108    0.018   0.1154   0.0861   0.0423  -0.0289  -0.0108  -0.1072  -0.0154   0.0156  -0.0382
 4 A   0.1101   0.0438  -0.0399  -0.0036   0.2279   0.0869  -0.0368  -0.0233    0.079  -0.0518   0.0359   0.0555   0.1758   -0.018   0.0034  -0.0291  -0.0268   0.0007  -0.0607   -0.052
 5 A   0.0306   0.0731   0.0361  -0.0404  -0.0422   0.0488  -0.0283   0.0225   0.0115   0.0156    0.021    0.045   0.0911   0.0908   0.0107   0.0478  -0.0151   0.0707   0.0732   0.0963
 6 A  -0.0073   0.1308  -0.0681  -0.0302    0.017  -0.0055  -0.0517   0.0531   0.0892   0.0274  -0.0131    0.013   0.0865   0.0216    0.065   0.0477   0.1051   0.0291   0.1275   0.0679
 7 A   -0.032   0.0412   0.0857  -0.0656   0.0122  -0.0005  -0.0218    0.032   0.0453   0.0886   0.0154  -0.0259   0.0374   0.0438   0.0812  -0.0038  -0.0473  -0.0622   0.0123   0.0813
 8 A   0.0395  -0.0451   0.0252  -0.0635   0.0554  -0.0524  -0.0333   0.0044   0.0545   0.0228  -0.0169   0.0072  -0.0426  -0.0068   0.2057  -0.0285  -0.0459  -0.0734   0.0467  -0.0234
 9 A   0.0749   0.0327    0.024   0.0299  -0.0892  -0.0457    0.011   0.0043  -0.1734   0.0014  -0.0049   0.3033  -0.0597  -0.0082   0.0239  -0.0071   0.0055  -0.0829   0.1065   0.0432
