            A        R        N        D        C        Q        E        G        H        I        L        K        M        F        P        S        T        W        Y        V
 1 A  -0.0139   0.0205  -0.0844  -0.0943  -0.0657  -0.0834  -0.0074   0.0143   0.0046   0.0562   0.0328   0.0218   0.0242   0.0162  -0.0063  -0.0244  -0.0766   0.0189   0.0353  -0.0209
 2 A   0.0419  -0.0285  -0.0235    -0.02  -0.0195   0.0046  -0.0109  -0.0159  -0.0499   0.0243   0.0136  -0.0423   0.0386   0.0362   0.3533   0.0043  -0.0005   0.0374  -0.0055   0.0235
 3 A   0.0503   0.0603   0.0263     0.01   0.0528  -0.0307   0.0142  -0.0033  -0.0191  -0.0221  -0.1022  -0.0246   0.0187  -0.0086   0.0402   0.0226  -0.0636  -0.0034   0.0383  -0.0172
 4 A   0.0234   0.0123  -0.0461    0.016  -0.0399   0.0124   -0.014    0.041   0.0612  -0.0174   0.0061   0.0449   0.0156   0.0251  -0.0085  -0.0317     0.06   0.0959    0.007   0.0576
 5 A  -0.0046   0.0989   0.0408  -0.0438   0.0177  -0.0045   0.0157   0.1003  -0.0441  -0.0098   0.0132   0.0631   0.0834  -0.0254   0.0538   0.0611   0.0272   0.0127   0.0532   0.0034
 6 A   -0.088   0.1321   0.0547   0.0214  -0.0454    0.015   0.0523    0.079   0.0056   -0.019   0.0128   0.0681   0.0491   0.0167   0.0487  -0.0024   0.0461   0.0231   0.0335   0.0514
 7 A   0.0329  -0.0136  -0.0029  -0.0524  -0.0184  -0.0213  -0.0238   0.0156  -0.0159   0.0366   0.0293  -0.0202   0.0189   0.0556   0.0059   0.0099   0.0381   0.0277   0.0303   0.0447
 8 A   0.0495  -0.0359  -0.1167   0.0143  -0.0703   0.0114  -0.0045   0.0107  -0.0395   0.0233  -0.0306   0.0146     0.02  -0.0056   0.0735    0.013  -0.0213  -0.0185  -0.0277   0.0245
 9 A  -0.0297  -0.0482  -0.1426   0.0619  -0.0304   0.0176   0.0254  -0.0102   0.0791   -0.006   0.0928  -0.0344   0.1856   0.0635  -0.0094  -0.0626  -0.0527   0.0088  -0.0378  -0.0009
