            A        R        N        D        C        Q        E        G        H        I        L        K        M        F        P        S        T        W        Y        V
 1 A    0.064   0.1239   -0.037  -0.0501  -0.0325    0.026  -0.0418   0.0082   0.0931  -0.0326  -0.0485   0.0228   0.1345   0.0593  -0.0325  -0.1084  -0.1271  -0.0286   0.1002   0.0137
 2 A   0.0414   -0.156  -0.1613   -0.222  -0.0414   0.2783  -0.0781  -0.0324   0.2838   0.0884  -0.1171    0.079  -0.0042    0.245  -0.0213    0.028   0.0896   0.2706   0.2445    0.006
 3 A  -0.0722  -0.0796   0.0277  -0.1254  -0.0797   0.1598   -0.034   -0.019   0.1947   0.0424   0.0637   0.0571    0.121  -0.0113   0.1723  -0.0616  -0.0127    0.071  -0.0386   0.0094
 4 A  -0.0454   0.0883   0.1849   0.0221    0.082  -0.1413   0.0972   0.0184   0.0889   0.1299   0.0763   0.0627   0.0104  -0.0555   0.1054   0.0211  -0.0158  -0.0625  -0.0836   0.0916
 5 A   0.0288  -0.1889   0.1079   0.0712   0.0869   0.0128   0.1862   0.0417   0.0256    0.164    0.036  -0.0053  -0.0561   0.0996   0.1021  -0.0785   0.1745   0.0787   0.0092  -0.0123
 6 A  -0.0814  -0.0365   0.0398  -0.1677   0.1138  -0.1026   0.0775  -0.0395   0.1379   0.0156   0.2263  -0.0412   0.1124    0.176   0.0719   0.1128   0.1265  -0.0012   0.0404   0.1502
 7 A  -0.0196  -0.0918   0.0061    0.041  -0.1074   0.0564   0.2545  -0.0148   0.0269  -0.0961  -0.0546  -0.0168  -0.0454  -0.0327    0.127  -0.0338  -0.0219   0.2005   0.2325   0.1359
 8 A   0.1031    0.005    0.032  -0.1002  -0.0068   0.1145    0.054  -0.0612   0.1711   -0.284  -0.1431   0.1353  -0.0122   0.0005   -0.031   0.0692   0.2203  -0.1403   0.0522   0.0502
 9 A   0.0547  -0.0811    0.024   0.1804  -0.1063    -0.04   0.0297   0.0181   0.0203  -0.0223   0.0383  -0.1431  -0.0198      0.2  -0.1316  -0.0503   0.1366   0.5483  -0.0418  -0.1514
