            A        R        N        D        C        Q        E        G        H        I        L        K        M        F        P        S        T        W        Y        V
 1 A   0.0337   0.0428    0.033  -0.0928  -0.0706  -0.0011   0.0329   0.0277  -0.0404   0.0078  -0.0162    0.037  -0.0591   0.0491  -0.2339   0.0784  -0.0101   0.0209  -0.1164  -0.0604
 2 A   0.0601   0.0115  -0.0373   0.0088   0.0076   0.0066   0.2779   0.0045   -0.066   0.0014   0.0176   0.0069   0.0065   0.0081   0.0055   0.0026  -0.0492   0.0062  -0.0057    0.007
 3 A   0.1532   0.0496   0.0075  -0.0605  -0.0794  -0.0104   0.0817  -0.0001  -0.0424   0.0228   0.0277  -0.0187  -0.0577   0.0301  -0.0017  -0.0579   0.0166  -0.0707  -0.0052  -0.0402
 4 A   0.0121  -0.0172    0.068   0.0444    -0.09  -0.0597  -0.0147   0.0125   0.0889   0.0453   0.0327   -0.041  -0.0721   0.0171   0.1571  -0.0669   0.0606   0.0783   0.0502    -0.07
 5 A    0.105   0.0515  -0.0119   0.0516   -0.046   0.0782  -0.0449   0.0663   0.0509   0.0523   0.0212   -0.035    -0.01   0.0847   0.0875  -0.0313   0.0151   0.0332  -0.0994   0.0281
 6 A  -0.0057   0.0054   0.0262   0.0449   0.0916    0.072  -0.0318   0.0381    0.041   0.0617  -0.0442  -0.1206   0.0445   0.0493   0.0679   0.0511   0.1183   0.0846   0.0156  -0.0669
 7 A   -0.096  -0.1175   0.0218   0.0267   0.1207   0.0078   0.0106   0.1088  -0.0752   0.0395   0.0637   0.0126   0.0122  -0.0755   0.0866  -0.0375  -0.0573   0.0576  -0.0303   0.0485
 8 A  -0.0194  -0.0727  -0.0846   0.0993  -0.0911   0.0116  -0.0229   0.0009  -0.0141  -0.0592    0.087  -0.1269  -0.0533   0.0216  -0.0393   0.0488  -0.0609   0.0163   0.0552   0.0674
 9 A   0.0116  -0.1299  -0.0114  -0.1748  -0.1707   0.0557  -0.1829   0.0285     0.03   0.1215    0.035   0.0977   0.2108    0.062  -0.1798   0.1948   0.0338   0.0017   0.0602  -0.1035
