            A        R        N        D        C        Q        E        G        H        I        L        K        M        F        P        S        T        W        Y        V
 1 A  -0.0687  -0.2109  -0.0964   -0.237  -0.2033  -0.0853   0.1288  -0.1055  -0.2115   0.2756   0.1258   0.2091  -0.1709    0.084  -0.0306   0.1129   0.0251   0.0117   0.2448   0.0789
 2 A   0.1606   0.1325  -0.0373   0.0385   0.0453   0.0133   -0.083  -0.1829  -0.1954  -0.1119  -0.0001  -0.0158   0.1449   0.1105   0.0384  -0.0739   0.0459   0.0517    0.312   0.1212
 3 A   0.1726   -0.158  -0.0089  -0.1373   -0.079   0.0184  -0.1882   -0.184   0.0329   0.2097   0.1037     0.04   0.0965   0.0356    0.026  -0.0346  -0.1159   0.3131  -0.0183   0.0189
 4 A  -0.1008   0.0157   0.0605  -0.0834    0.094  -0.0491  -0.0808   0.0825  -0.0824   0.0407  -0.0206  -0.0129  -0.0179  -0.0753   -0.033   0.1142   0.1212  -0.0166   0.3529   0.1494
 5 A   0.0086  -0.0292  -0.0381   0.0578   0.1916  -0.1211  -0.1713  -0.0399   0.2051   0.0939   0.1122    0.038   0.1184  -0.0717  -0.2018  -0.0403    0.047   0.2629   0.1484    0.103
 6 A   0.0627   0.0186    -0.11  -0.1555  -0.1908  -0.0385   0.0174  -0.0227   0.1082  -0.1052   0.0416  -0.1535   0.1135   0.1409   0.1894   0.0947   0.1844   0.0846   0.3253   0.0936
 7 A   0.2297  -0.0368   0.0668    0.035  -0.1442   0.1966  -0.1067   0.0462   0.0673   0.0341   0.0914  -0.0989  -0.3409   0.0492   0.0994   0.0717   0.0345   -0.075   0.0595   0.0101
 8 A  -0.2242   0.1067   0.0801   0.0371  -0.1436  -0.0841   0.1223  -0.0136   0.1161  -0.1697   0.1192  -0.1351   0.0401  -0.0286   0.0221  -0.1091   0.1213   0.0714    0.054   0.0241
 9 A  -0.1348   0.0238    0.024   0.0658  -0.0686  -0.0963   -0.086  -0.0027   0.0213   0.1657   0.0732   0.0992  -0.2776   0.1807   0.0102   0.0491   0.0338   0.1906  -0.1483   0.0297
