            A        R        N        D        C        Q        E        G        H        I        L        K        M        F        P        S        T        W        Y        V
 1 A  -0.1772  -0.1362   0.0163   0.0488   0.0516  -0.0276   0.1742  -0.1488   0.1148  -0.0034  -0.0747  -0.1971   0.1724   0.0463  -0.2747  -0.0205   0.0717   0.0357   0.0894  -0.0816
 2 A   0.1826  -0.3029   0.0352   0.0385  -0.1198  -0.1175   -0.083  -0.0667   0.0113   0.1058   0.0626   -0.205    0.077   0.0343   0.2215    0.113   0.2438  -0.0251  -0.0091   0.1976
 3 A   0.0816  -0.1175   0.0396  -0.1521   0.0359  -0.0942  -0.0769   -0.144   0.0369   0.1069  -0.0859  -0.0505   0.0693   0.1709  -0.1083   0.0552   0.0517  -0.0459   0.1269   0.0465
 4 A   0.0312  -0.0779  -0.0111   0.0007    0.018   0.0325  -0.0277   0.0147   0.0091   0.0006  -0.0347  -0.0218   0.0711   0.0729   0.0292   0.0366   -0.012   0.1127   0.0379  -0.0321
 5 A   0.0109   0.0238   0.0619   0.0044    0.006   0.0151  -0.0196  -0.0233  -0.0039   0.1512  -0.0043  -0.0888   0.0546    0.088  -0.0179   0.0273   0.0119  -0.0178   0.0563   0.1225
 6 A   0.0986   0.0632   0.0386   0.0138   0.0875   0.0152   0.0326  -0.0358   0.0415   0.0325   0.0237   0.0195   0.0813   0.0372  -0.0405   0.0012   0.0404  -0.0305  -0.0207   0.0096
 7 A   0.0549  -0.1036   0.0073  -0.0253   0.0761  -0.0464   0.0032   0.0129    0.026   0.0003  -0.0003  -0.1149   0.0673   0.0641  -0.0321   0.0343   0.0035   0.0147   0.0306   0.0308
 8 A  -0.0877  -0.0027   0.0032  -0.0928  -0.0852   0.0132     0.01     0.01   0.0012  -0.0458   0.0516   0.0034   0.0155   0.1128  -0.0573  -0.0024  -0.0267  -0.0315   0.0409  -0.0353
 9 A  -0.0339   0.4491    0.024   0.0658  -0.2705  -0.0963   -0.086  -0.0027  -0.0222  -0.1432  -0.1058    0.321  -0.0209   0.0059   0.0102   0.0491  -0.1126   0.0042   0.1098   -0.172
