            A        R        N        D        C        Q        E        G        H        I        L        K        M        F        P        S        T        W        Y        V
 1 A   0.0284   0.0578   0.0219  -0.1096  -0.0706   0.0007   0.0493   0.0214   -0.038   0.0078  -0.0162    0.037  -0.0591   0.0557  -0.2484    0.079  -0.0233   0.0195  -0.1154  -0.0604
 2 A   0.0601   0.0002  -0.0373   -0.001  -0.0021  -0.0022   0.2753  -0.0032   -0.066  -0.0047   0.0044   -0.001  -0.0059   0.0001  -0.0069  -0.0063  -0.0546  -0.0043   -0.005  -0.0029
 3 A   0.1504   0.0496   0.0072  -0.0685  -0.0794  -0.0104   0.0817  -0.0031  -0.0424   0.0185   0.0448  -0.0231  -0.0577    0.035  -0.0017  -0.0546   0.0043  -0.0707  -0.0048  -0.0504
 4 A   0.0119  -0.0172     0.06   0.0531    -0.09  -0.0713  -0.0179   0.0122   0.0889   0.0353    0.037  -0.0475  -0.0721   0.0117   0.1603  -0.0669   0.0574   0.0909   0.0502  -0.0803
 5 A   0.1017   0.0521  -0.0191   0.0498   -0.046   0.0669  -0.0521   0.0728   0.0518   0.0561   0.0427  -0.0443    -0.01   0.0794   0.0808  -0.0283   0.0037   0.0317  -0.0994   0.0246
 6 A  -0.0084   0.0054   0.0232   0.0416   0.1003   0.0788  -0.0183   0.0346   0.0341   0.0646   -0.043  -0.1216   0.0379   0.0486   0.0691   0.0511   0.1237   0.0846   0.0078  -0.0623
 7 A   -0.096  -0.1245   0.0299   0.0248   0.1195   0.0078   0.0106   0.1051  -0.0752   0.0448   0.0781   0.0074   0.0122  -0.0861   0.0813  -0.0413  -0.0551   0.0591   -0.023   0.0562
 8 A  -0.0268  -0.0727  -0.0861    0.087  -0.0911   0.0253  -0.0105  -0.0054  -0.0071  -0.0675   0.0745  -0.1333  -0.0649   0.0129  -0.0295   0.0488  -0.0609   0.0163   0.0511   0.0616
 9 A   0.0118  -0.1402  -0.0147  -0.1836  -0.1799   0.0565  -0.1863   0.0281   0.0276   0.1246   0.0425   0.0977   0.2108   0.0671  -0.1856   0.1959   0.0338   0.0038   0.0671  -0.1236
