            A        R        N        D        C        Q        E        G        H        I        L        K        M        F        P        S        T        W        Y        V
 1 A   0.0125   0.1329    -0.03  -0.0395  -0.0415   0.0574  -0.1351   0.0879   0.0487  -0.0467  -0.0821   0.1045  -0.1635  -0.0817  -0.0204   0.1341  -0.0335   0.0117  -0.0358   0.0311
 2 A   0.0069   0.0937   -0.114   0.0385  -0.0393   0.0481  -0.0786  -0.1619   -0.066   0.0742  -0.0044  -0.0158   0.2737  -0.0117   0.0384   0.0034   0.1993   0.1137   0.1354    0.104
 3 A   0.0432    0.037    -0.06  -0.0116  -0.1282   -0.068  -0.0812   -0.105   0.1177   0.0109  -0.0232   0.0759  -0.0198   0.0272   0.1239   0.1931   0.0778  -0.0707    0.004     0.04
 4 A  -0.1082  -0.0558    0.132   0.0138    -0.09  -0.0753  -0.0205     0.12   0.1184   0.0534   -0.057   0.0997  -0.0721   0.2151   0.0311   0.0574   0.0605  -0.0304   0.0502   0.0395
 5 A   0.0767    0.016  -0.1315   -0.039   0.0713   0.0707   0.0768   0.0205    0.048   0.0619   0.0273   0.0862   0.0797   0.0138   0.0894  -0.0189   0.2151   0.1003  -0.2136   0.0438
 6 A  -0.1071   0.1006   0.0313   0.0018    0.075  -0.0496  -0.1091   0.0375   0.1165   0.0355   0.0585    0.024   0.1662    0.126  -0.0868    0.048   0.0313   0.0846   0.0777   0.0821
 7 A   -0.096  -0.0049   0.0667  -0.1928   0.1396  -0.0432  -0.0607   0.1713  -0.0752  -0.0566   0.0003    0.009   0.0109    0.008   0.1431  -0.0303    0.189   0.0666    0.067   0.0257
 8 A   0.0112  -0.0253   0.0924  -0.0285  -0.0911  -0.1911   0.0933   0.0426   0.0857  -0.1017   0.0236   0.0519   0.0022   0.0738    0.206  -0.1213  -0.1156   0.0163   0.0208  -0.0157
 9 A   0.0264  -0.0012    0.024   0.0658  -0.0686  -0.0963   -0.086  -0.0027   0.0213   0.0546    0.001   0.0977  -0.0077   0.0477   0.0102   0.0491   0.0338   0.0053   0.2526  -0.1944
