            A        R        N        D        C        Q        E        G        H        I        L        K        M        F        P        S        T        W        Y        V
 1 A  -0.0705  -0.2121  -0.0975  -0.2368  -0.2035  -0.0883   0.1257  -0.1054  -0.2133    0.277   0.1248   0.2067  -0.1717   0.0833  -0.0318   0.1123   0.0229   0.0117   0.2429   0.0776
 2 A   0.1652   0.1357  -0.0373   0.0385   0.0466   0.0178   -0.083  -0.1806  -0.1931  -0.1099   0.0049  -0.0158   0.1478   0.1157   0.0384  -0.0705   0.0507   0.0553   0.3192   0.1238
 3 A   0.1724  -0.1582   -0.008  -0.1377    -0.08   0.0181  -0.1903  -0.1863   0.0302   0.2103   0.1029   0.0386   0.0952   0.0339   0.0258   -0.036  -0.1167    0.313  -0.0186   0.0166
 4 A   -0.105   0.0161   0.0591  -0.0858   0.0932  -0.0508  -0.0825   0.0826  -0.0851   0.0391   -0.023   -0.015  -0.0172  -0.0778  -0.0367   0.1123    0.121  -0.0162   0.3534   0.1487
 5 A   0.0054  -0.0303  -0.0402   0.0558   0.1912  -0.1222  -0.1748  -0.0401   0.2039    0.091   0.1119   0.0381   0.1178  -0.0744  -0.2058  -0.0418   0.0453    0.263   0.1483   0.1016
 6 A   0.0634   0.0159  -0.1126   -0.158  -0.1917  -0.0402   0.0154  -0.0238   0.1096  -0.1056   0.0417  -0.1534   0.1131   0.1405   0.1892   0.0946   0.1845   0.0846    0.328   0.0932
 7 A   0.2319  -0.0382   0.0671   0.0336  -0.1468   0.1977  -0.1084   0.0489   0.0668   0.0338   0.0907  -0.1003  -0.3404    0.048   0.0978   0.0717   0.0348  -0.0767   0.0578   0.0098
 8 A  -0.2276    0.108   0.0773   0.0369  -0.1465  -0.0863   0.1201  -0.0162   0.1141  -0.1715   0.1186  -0.1376   0.0382   -0.032    0.021  -0.1111   0.1206    0.071   0.0545   0.0232
 9 A  -0.1328   0.0264    0.024   0.0658  -0.0686  -0.0963   -0.086  -0.0027   0.0213    0.169   0.0756   0.1037  -0.2775   0.1823   0.0102   0.0491   0.0338   0.1927  -0.1458    0.033
