            A        R        N        D        C        Q        E        G        H        I        L        K        M        F        P        S        T        W        Y        V
 1 A  -0.1778  -0.1175   -0.004   0.0579   0.0355   -0.042   0.1532  -0.1307   0.0887   0.0174  -0.0666  -0.1887   0.1769   0.0427  -0.2592  -0.0235   0.0792   0.0283   0.1063  -0.0976
 2 A   0.1887  -0.3288   0.0575   0.0385  -0.1193  -0.1269   -0.083  -0.0614   0.0436   0.1128   0.0683  -0.3202   0.0426   0.0405   0.2173   0.0941   0.2354  -0.0402   0.0359   0.2042
 3 A   0.0823  -0.1154   0.0656  -0.1603   0.0318  -0.0709  -0.0556  -0.1366   0.0263   0.1014  -0.0985  -0.0776   0.0913   0.1755  -0.1347   0.0492   0.0491  -0.0615   0.1358   0.0249
 4 A   0.0343  -0.0736   0.0175  -0.0125   0.0016   0.0265  -0.0267   0.0284   0.0053   0.0031   -0.051  -0.0241   0.0473   0.0433   0.0475   0.0571  -0.0095   0.1138   0.0133  -0.0132
 5 A   0.0359     0.02   0.0728  -0.0054  -0.0128   0.0151  -0.0239  -0.0596  -0.0032   0.1376   0.0193  -0.1033   0.0637   0.1268  -0.0523   0.0352   0.0297  -0.0491   0.0636   0.1108
 6 A   0.0895   0.0545   0.0476   0.0097   0.0832   0.0168   0.0292  -0.0387   0.0265   0.0223   0.0258   0.0252   0.0809   0.0456  -0.0311  -0.0117    0.042  -0.0227  -0.0412   0.0203
 7 A   0.0508  -0.0905   0.0084   -0.039   0.0573  -0.0497   -0.001    0.013   0.0387  -0.0288   0.0057  -0.1122   0.0449   0.0547  -0.0204   0.0347   0.0173   0.0337   0.0201   0.0438
 8 A  -0.1043   0.0034   0.0088  -0.1223  -0.0905   0.0128   0.0279   0.0153   0.0051  -0.0396   0.0423   0.0327   0.0334   0.1104  -0.0739   0.0014  -0.0365  -0.0545   0.0274  -0.0202
 9 A   -0.027   0.4362    0.024   0.0658  -0.4122  -0.0963   -0.086  -0.0027  -0.0249  -0.1741  -0.1145   0.3284  -0.0284   0.0064   0.0102   0.0491  -0.1222   0.0302   0.1128  -0.1765
