            A        R        N        D        C        Q        E        G        H        I        L        K        M        F        P        S        T        W        Y        V
 1 A  -0.0077   0.1563  -0.0373  -0.0395  -0.0594   0.0293  -0.1175   0.1035   0.0537  -0.0202  -0.0719   0.0958  -0.1531  -0.0598  -0.0466   0.1036  -0.0398   0.0117  -0.0167    0.052
 2 A   0.0249   0.0937  -0.0862   0.0385  -0.0211   0.0377  -0.0761  -0.1429   -0.066   0.0816  -0.0177  -0.0158   0.2504   0.0022   0.0384   0.0453   0.1395   0.0987   0.1243   0.1112
 3 A   0.0755   0.0458  -0.0258  -0.0185  -0.1337  -0.0728  -0.0626  -0.0963   0.1349   0.0006  -0.0348   0.0656   0.0083   0.0395   0.0671   0.1831    0.079  -0.0707  -0.0021   0.0265
 4 A  -0.1258  -0.0475   0.1345   0.0308    -0.09  -0.0652  -0.0025   0.1251   0.1153   0.0609  -0.0587   0.0673  -0.0721   0.1922   0.0323   0.0703   0.0571  -0.0304   0.0502   0.0607
 5 A   0.0767   0.0117  -0.0975  -0.0448   0.0305   0.0754   0.1041   0.0398   0.0433   0.0854   0.0598   0.0764   0.0719   0.0117   0.0693  -0.0234   0.2241   0.0753  -0.1953   0.0229
 6 A  -0.0895   0.1001   0.0447  -0.0106   0.0796   0.0338  -0.1002   0.0393   0.1012   0.0428   0.0242   0.0155   0.1822   0.1034  -0.0868   0.0351   0.0309   0.0846   0.0692   0.0663
 7 A   -0.096  -0.0127   0.0593  -0.1623   0.1462  -0.0367  -0.0833   0.1576  -0.0752  -0.0491   0.0454   0.0067   0.0184   0.0315   0.1429  -0.0666   0.1522   0.0582   0.0787   0.0453
 8 A   0.0112  -0.0269   0.0795  -0.0197  -0.0911  -0.1725   0.0733   0.0426   0.0843  -0.0905   -0.001   0.0653   0.0044   0.0867   0.1471  -0.0845  -0.0848   0.0163   0.0326  -0.0182
 9 A   0.0112  -0.0012    0.024   0.0658  -0.0686  -0.0963   -0.086  -0.0027   0.0213   0.0499  -0.0017   0.0977    0.012    0.049   0.0102   0.0491   0.0338  -0.0128   0.2323  -0.1311
