            A        R        N        D        C        Q        E        G        H        I        L        K        M        F        P        S        T        W        Y        V
 1 A   -0.009    0.063  -0.0262  -0.0447  -0.0522  -0.0531  -0.0347  -0.0068   -0.001  -0.0253  -0.0215  -0.0129  -0.0369  -0.0219   -0.016    0.007  -0.0292   0.0222   0.0443  -0.0167
 2 A   0.0188   0.2577  -0.0414  -0.0942  -0.0107   0.1216   0.0056  -0.0229   0.0286   0.0028   0.0162   0.1076   0.0819  -0.0457  -0.0089   0.0251   0.0102   0.0006  -0.0167  -0.0003
 3 A   0.0245  -0.0135  -0.0093   -0.012  -0.0133   0.0067   0.0017  -0.0382   -0.015   0.0189   0.0207  -0.0173   0.0064   0.0236  -0.0185  -0.0061  -0.0347   0.0069   0.0645  -0.0002
 4 A   0.0113   0.0149   0.0161  -0.0096    0.039   0.0087   0.0012   0.0505  -0.0219   0.0203   0.0258   0.0154   0.0224   0.0284  -0.0012   0.0272   0.0064   0.0122   0.0215   0.0005
 5 A   0.0428   0.0165    0.023   0.0212   0.0008   0.0213  -0.0163   0.0226   0.0457    0.033   0.0377   0.0463   0.0307   0.0237   0.0196   0.0139   0.0282   0.0513   0.0122   0.0207
 6 A   0.0457   0.0364   0.0433  -0.0118   0.0144   0.0017   0.0438   0.0303   0.0415   0.0313   0.0302   0.0322   0.0167   0.0301    0.012   0.0448   0.0333   0.0183   0.0088   0.0395
 7 A   0.0283   0.0212  -0.0106  -0.0163  -0.0353   0.0113  -0.0146  -0.0017   0.0145   0.0198   0.0185   0.0276  -0.0087    -0.01   0.0109   0.0156  -0.0072   0.0243   0.0643  -0.0048
 8 A  -0.0086  -0.0232   -0.018  -0.0294   0.0055  -0.0164  -0.0288   0.0212  -0.0019  -0.0243   0.0169   0.0072  -0.0277   -0.007   0.0265   0.0142   -0.004  -0.0146  -0.0489   0.0069
 9 A  -0.0288   0.0484  -0.0457  -0.0033  -0.0265   0.0029   0.0177  -0.0222   0.0255  -0.0134   0.0013   0.0673   -0.005   0.0421  -0.0159   -0.003   0.0017  -0.0128   0.0193  -0.0001
