            A        R        N        D        C        Q        E        G        H        I        L        K        M        F        P        S        T        W        Y        V
 1 A  -0.0692  -0.2112  -0.0967  -0.2369  -0.2033   -0.086    0.128  -0.1055  -0.2119    0.276   0.1256   0.2085  -0.1711   0.0839  -0.0309   0.1128   0.0246   0.0117   0.2444   0.0786
 2 A   0.1617   0.1333  -0.0373   0.0385   0.0456   0.0144   -0.083  -0.1823  -0.1948  -0.1114   0.0011  -0.0158   0.1456   0.1118   0.0384  -0.0731   0.0471   0.0526   0.3138   0.1218
 3 A   0.1725  -0.1581  -0.0087  -0.1374  -0.0792   0.0183  -0.1887  -0.1846   0.0322   0.2098   0.1035   0.0397   0.0962   0.0352   0.0259   -0.035  -0.1161   0.3131  -0.0184   0.0183
 4 A  -0.1018   0.0158   0.0602   -0.084   0.0938  -0.0495  -0.0812   0.0825  -0.0831   0.0403  -0.0212  -0.0134  -0.0177  -0.0759  -0.0339   0.1137   0.1212  -0.0165   0.3531   0.1492
 5 A   0.0078  -0.0294  -0.0386   0.0573   0.1915  -0.1214  -0.1721    -0.04   0.2048   0.0932   0.1121    0.038   0.1182  -0.0724  -0.2028  -0.0407   0.0466   0.2629   0.1484   0.1027
 6 A   0.0629   0.0179  -0.1106  -0.1561   -0.191  -0.0389   0.0169   -0.023   0.1085  -0.1053   0.0416  -0.1535   0.1134   0.1408   0.1894   0.0947   0.1844   0.0846    0.326   0.0935
 7 A   0.2303  -0.0372   0.0669   0.0346  -0.1448   0.1969  -0.1071   0.0469   0.0672    0.034   0.0912  -0.0992  -0.3408   0.0489    0.099   0.0717   0.0346  -0.0754   0.0591     0.01
 8 A   -0.225    0.107   0.0794   0.0371  -0.1444  -0.0847   0.1218  -0.0143   0.1156  -0.1701    0.119  -0.1357   0.0396  -0.0295   0.0218  -0.1096   0.1212   0.0713   0.0541   0.0239
 9 A  -0.1343   0.0244    0.024   0.0658  -0.0686  -0.0963   -0.086  -0.0027   0.0213   0.1665   0.0738   0.1003  -0.2775   0.1811   0.0102   0.0491   0.0338   0.1911  -0.1477   0.0305
