            A        R        N        D        C        Q        E        G        H        I        L        K        M        F        P        S        T        W        Y        V
 1 A   0.0375   0.1151   -0.158  -0.1549  -0.0706  -0.0274  -0.0627   0.1199  -0.0447   0.0078  -0.0162   0.0739  -0.0591   0.0075  -0.1598   0.0871  -0.0165   0.0507   0.0083  -0.0604
 2 A   0.0601   0.0711   0.0044   0.0331   0.0447    0.047   0.2555  -0.0165   -0.006    0.028  -0.0803   0.0118   0.0475   0.0066   0.0091   0.0103  -0.0394   0.0414   -0.179   0.0371
 3 A   0.0874   0.0496   0.0217  -0.0933  -0.0794  -0.0104   0.0817  -0.0496  -0.0424   -0.005  -0.0269   0.0574  -0.0577   0.0241  -0.0638  -0.0042   0.0913  -0.0707  -0.0046   0.0462
 4 A   0.0297  -0.0172   0.0164      0.0    -0.09  -0.0333  -0.0084    0.003   0.0889  -0.0472   0.0407   0.0426  -0.0721   0.0615   0.1307  -0.0669    0.016   0.0297   0.0502   0.0755
 5 A   0.1118   0.0726  -0.0062  -0.0797   -0.046   0.0792  -0.0384   0.0704   0.0005  -0.0162  -0.0163   0.0315    -0.01   0.0676   0.0078   0.0324   0.0129   0.0203   0.2226  -0.0502
 6 A    0.007   0.0054   0.0212  -0.0524   0.0817   0.1139  -0.0112   0.0446   0.0382   0.0558  -0.0011   0.0357   0.0194   0.0192  -0.0494   0.0511   0.0251   0.0846   0.0247   0.0062
 7 A  -0.0895  -0.0654  -0.0298  -0.0933   0.1918   0.0078   0.0106   0.0599  -0.0752   0.0273   0.0597    0.003   0.0122  -0.0049   0.1407  -0.0376   0.0137   0.0316  -0.0136  -0.0411
 8 A  -0.0066  -0.0727  -0.0542  -0.0155  -0.0911  -0.1587   0.0302   0.0131  -0.0105  -0.0313   0.0336   0.0104  -0.0269   0.0328    0.065   0.0488   0.0298   0.0163   0.0527  -0.0618
 9 A  -0.0166  -0.1364  -0.1246   0.0658  -0.1413  -0.0577  -0.1543   0.0076   0.0213  -0.0274   0.1538  -0.1014   0.1177   0.1984  -0.0994   0.0491   0.1317  -0.0849     0.06   0.1503
