            A        R        N        D        C        Q        E        G        H        I        L        K        M        F        P        S        T        W        Y        V
 1 A   0.0639   0.1243  -0.0371  -0.0501  -0.0325   0.0262  -0.0424   0.0081   0.0935  -0.0335  -0.0486   0.0231   0.1357   0.0595  -0.0324  -0.1082  -0.1279  -0.0286   0.1001   0.0137
 2 A   0.0425   -0.155  -0.1608  -0.2217  -0.0412   0.2794  -0.0767   -0.032   0.2845   0.0901  -0.1169   0.0799  -0.0044    0.246  -0.0209    0.029   0.0908   0.2726   0.2455   0.0066
 3 A   -0.073    -0.08   0.0275  -0.1265  -0.0796   0.1596  -0.0347  -0.0193    0.195   0.0427   0.0634   0.0564    0.121  -0.0115   0.1728  -0.0617  -0.0133   0.0717  -0.0394   0.0093
 4 A  -0.0454   0.0895   0.1855   0.0222   0.0814  -0.1421   0.0982   0.0188   0.0889   0.1303    0.077    0.063   0.0098  -0.0548   0.1057   0.0217  -0.0159  -0.0624  -0.0834   0.0923
 5 A   0.0287  -0.1897   0.1086   0.0716   0.0875   0.0134   0.1872   0.0424   0.0261    0.165   0.0364  -0.0052  -0.0562   0.1002   0.1023   -0.079   0.1756   0.0794   0.0099  -0.0123
 6 A  -0.0815  -0.0365   0.0409  -0.1684    0.114  -0.1023   0.0779  -0.0391   0.1384   0.0158   0.2279   -0.041    0.113   0.1772   0.0733   0.1138   0.1272   0.0002   0.0397   0.1509
 7 A  -0.0203  -0.0926   0.0057   0.0408  -0.1085   0.0556   0.2545  -0.0154   0.0263  -0.0971  -0.0555  -0.0171   -0.046  -0.0334   0.1275  -0.0348  -0.0226   0.2007   0.2345   0.1362
 8 A   0.1036   0.0048   0.0321  -0.1006   -0.007   0.1146   0.0542  -0.0615   0.1714  -0.2856  -0.1438   0.1356  -0.0125   0.0005  -0.0311   0.0691    0.221  -0.1419   0.0524   0.0507
 9 A   0.0548  -0.0823    0.024   0.1811  -0.1074  -0.0413   0.0295   0.0172   0.0196  -0.0236   0.0371  -0.1449  -0.0207   0.1992  -0.1324   -0.051   0.1367   0.5473   -0.043  -0.1526
