            A        R        N        D        C        Q        E        G        H        I        L        K        M        F        P        S        T        W        Y        V
 1 A   0.0112  -0.0058  -0.0653  -0.1876  -0.1065  -0.0432  -0.1111   0.0133  -0.0018    0.031  -0.0066   0.0137   0.1787   0.1112  -0.1441   0.0068   -0.063  -0.0025   0.1582  -0.0228
 2 A   0.0063  -0.0345  -0.1376  -0.0462  -0.1684   0.0881   0.0192  -0.0704  -0.0515   0.1532   0.2871   0.0415   0.2553  -0.0145  -0.0518   0.0135   0.0397    0.013   0.0209    0.036
 3 A   0.0318  -0.1397   0.0095   0.0332   -0.079  -0.0282  -0.1275  -0.0338  -0.0483   0.0805    0.087   -0.124   0.1362    0.128  -0.0353   0.0362  -0.0166   0.0425   0.0602   0.0192
 4 A   0.0123  -0.0401    0.021   0.0919   0.0456  -0.0053   0.0798   0.0133   0.0024     0.02   -0.044  -0.0221   0.0345   -0.017   0.0288  -0.0145   0.0429   0.0347   0.0796   -0.031
 5 A   0.0056  -0.0426   0.0335   0.0725   0.0911  -0.0831   0.0235   0.0053   0.0065   0.0994  -0.0004  -0.0259   0.0145   0.0665   -0.053   0.0179  -0.0102   0.1451   0.1239   0.0459
 6 A  -0.0246  -0.0785   0.1077  -0.0494   0.0629   0.0092   0.0043  -0.0217   0.0424   0.1227   0.0364  -0.0285   0.0941   0.0835  -0.0126    0.068   0.0851  -0.0346   0.0379   0.0722
 7 A   0.0119  -0.1303    -0.01  -0.0343  -0.0461  -0.0044   0.0287  -0.0619   0.0201   0.0691  -0.0092    -0.13   0.0486   0.1282   0.0362   0.0123   0.0401   0.0963   0.0717   0.0514
 8 A  -0.0502   0.0172  -0.0065  -0.1083   0.0102  -0.0089   0.0003  -0.0029  -0.0797  -0.0077   0.0253  -0.0371  -0.0537   0.0535   0.0369   0.0059   0.0157   0.0864   0.0633   -0.069
 9 A   0.0769  -0.0586    -0.16  -0.0177  -0.1615   -0.004   0.0371  -0.0453   0.0521   0.1731   0.1804  -0.0864   0.0504  -0.0804  -0.0202  -0.0535  -0.0185  -0.0607  -0.0412   0.2553
