            A        R        N        D        C        Q        E        G        H        I        L        K        M        F        P        S        T        W        Y        V
 1 A  -0.0905  -0.0749   0.0038   0.1664   -0.015   0.0011     0.07  -0.1071   0.0282  -0.0147  -0.0212  -0.1064   0.0389   0.0093  -0.1197  -0.0351   0.0228  -0.0331   0.0226  -0.0524
 2 A    0.082  -0.1256  -0.1388   0.0385   0.0208  -0.0672   -0.083  -0.1919  -0.1884   0.0647   0.0775  -0.0158   0.1186   0.1336   0.0452   0.0487   0.1245   0.1268   0.2922   0.0664
 3 A  -0.0479   0.0177   0.0348  -0.0507   0.0287  -0.0457    -0.06  -0.0611   -0.044   0.0204   0.0044   0.0129  -0.0255   0.0529  -0.0708  -0.0127   0.0354   0.1368   0.0695  -0.0295
 4 A  -0.0055    0.006  -0.0291  -0.0232  -0.0035  -0.0156   -0.022    0.018   0.0235   0.0152   0.0488   -0.006    0.065   0.0475   0.0535  -0.0151  -0.0561   0.0813   0.0623   0.0238
 5 A  -0.0379   0.1258  -0.0627  -0.0697   0.0751  -0.0269    -0.03   0.0637   0.0085    0.057   0.0235   0.0054  -0.0312   0.0975  -0.0168  -0.0474   0.0074   0.2228   0.0571   0.0598
 6 A  -0.0499   0.0986   0.0242   0.0142   0.0679   0.0696  -0.0012  -0.0164    0.074   0.0393   0.0021   0.0248    0.044   0.0953  -0.0094  -0.0205   0.0202   0.0401    0.049  -0.0347
 7 A   0.0271  -0.0019  -0.0239  -0.0582   0.0512  -0.0378  -0.0724   0.0095   0.0172  -0.0091  -0.0493  -0.0902   0.0839   0.0819  -0.0404    0.024  -0.0101   0.1289   0.0724   0.0197
 8 A   0.0093  -0.0703   0.0253  -0.0499  -0.0789  -0.0138  -0.0325  -0.0609   0.0593  -0.0699   0.0327  -0.0284  -0.0621   0.1093   0.0184   0.0065  -0.0054   0.0096   0.0559  -0.0428
 9 A   0.0201   0.3472    0.024   0.0658  -0.0686  -0.0963   -0.086  -0.0027  -0.0725    0.006   0.0047   0.1024  -0.0831  -0.0867   0.0102   0.0491  -0.0472  -0.0188  -0.0088  -0.0302
