            A        R        N        D        C        Q        E        G        H        I        L        K        M        F        P        S        T        W        Y        V
 1 A  -0.0428  -0.0521   0.0064   0.0027  -0.0595  -0.0376   0.0656  -0.0319   0.0614   -0.026   -0.068  -0.0989   0.0809   0.1496  -0.0357  -0.0327  -0.0186    0.053   0.0124  -0.0419
 2 A   0.0863  -0.0112   0.1304  -0.0019   0.0277   0.0282   -0.033   0.0181  -0.0526   0.0672   0.0461  -0.0269   0.0971   0.0031   0.0537   0.0282   0.1194  -0.1165  -0.0059   0.1157
 3 A   0.0022  -0.0584   0.0091  -0.0165  -0.0701   -0.013  -0.0231  -0.0413  -0.0189   0.0499   0.0422    0.002   0.0919   0.0277  -0.0069   -0.006   0.0482    0.104   0.0519  -0.0342
 4 A   0.0571  -0.0016   0.0128   0.0677   0.0428   0.0135   0.0183   0.0115   -0.018   0.0226  -0.0261  -0.0042   0.0259   0.0423   0.0106   0.0356  -0.0037   0.0561   0.0445   0.0244
 5 A   0.0368   0.0088   0.0022  -0.0008   0.0336   0.0637   0.0032   0.0235   0.0592   0.0472   0.0315  -0.0254   0.0508   0.0272   0.1052   0.0393  -0.0165   0.0736    0.016   0.0569
 6 A   0.0401   0.0009   0.0536   0.0012   0.0255   0.0333  -0.0343   0.0356  -0.0044   0.0637   0.0344  -0.0068   0.1562   0.1164   0.0337   0.0267   0.0377   0.0089   0.0321   0.0308
 7 A  -0.0005  -0.0132   0.0055   0.0143   0.0091  -0.0061  -0.0001  -0.0236   0.0865   0.0023   0.0026  -0.0067   0.0193   0.0671   0.0478   0.0178   0.0162  -0.0065   0.0238    0.035
 8 A  -0.0153  -0.0213   0.0378  -0.0426  -0.0281   -0.008   0.0123   0.0132   0.0628   0.0071   0.0208  -0.0001  -0.0172   0.0575   0.0108  -0.0179  -0.0591  -0.0094   0.0133  -0.0203
 9 A   0.0479   0.0034  -0.0531  -0.0796   -0.046  -0.0577  -0.0645  -0.1131  -0.0461   0.1015   0.0724  -0.0247   0.1793     -0.0  -0.0356   0.0302    0.171  -0.0385  -0.0078   0.1424
