            A        R        N        D        C        Q        E        G        H        I        L        K        M        F        P        S        T        W        Y        V
 1 A   0.0313   0.1018  -0.1086  -0.1178   0.0081  -0.0557   -0.068  -0.0073   0.0176  -0.0368  -0.0303   0.1667   0.0498  -0.0271  -0.0921   0.0562   0.0691  -0.0118  -0.0569  -0.0056
 2 A    0.092  -0.1058   0.0429  -0.1283  -0.0802   0.0658  -0.0453   0.0228  -0.0059   0.0346   0.0731  -0.0305   0.1923    0.167  -0.0236   0.1281   0.1216  -0.1476   0.1639    0.041
 3 A  -0.0292  -0.0279   0.0829  -0.0983   0.0929  -0.0341  -0.0836  -0.0686   0.0575  -0.0031   0.0481   0.0578   0.0608   0.0614   -0.055  -0.0296   0.0476   0.1219   0.0409  -0.0852
 4 A   0.0184    0.076   0.0195   0.0421   0.0744   -0.071  -0.0179  -0.0562   0.0402   0.0457   -0.002   0.0378   0.0555   0.0318   0.0057    0.032   0.0028   0.0791   0.0205   0.0155
 5 A   0.0168   0.0697  -0.0376  -0.0069   0.0838    0.011  -0.0744   0.0116   0.0721   0.0744   0.0906   0.0006   0.0459   0.0854   0.0157   0.0148   0.0498   0.0421   0.0826   0.0056
 6 A  -0.0567    0.076   0.0095  -0.0195   0.0262   0.0158  -0.0785    0.048   0.0798   0.0641   0.0738   0.0702   0.0665   0.0824    0.032   0.0313   0.0236    0.033   0.1164    0.007
 7 A   0.0245   0.0297  -0.0487  -0.0351   0.0453  -0.0043  -0.0304  -0.0118   0.0412   0.0125   0.0166   -0.064  -0.0008   0.1418  -0.0528   0.0292     0.03   0.0558   0.1453  -0.0173
 8 A   0.0177    0.045   0.0468  -0.1035  -0.0644  -0.0065  -0.0097  -0.0299   -0.016    0.015     0.04   -0.028   -0.041   0.0697   0.0132  -0.0555   0.0532  -0.0146   0.0857  -0.0149
 9 A  -0.0256   0.3958  -0.1743   0.0089  -0.0999   -0.066   0.0344   -0.079   0.0579  -0.0555   0.0135    0.161   0.0293   0.0425  -0.0382  -0.0173  -0.0668  -0.0264   0.0509   0.0075
