            A        R        N        D        C        Q        E        G        H        I        L        K        M        F        P        S        T        W        Y        V
 1 A  -0.0142   0.0392  -0.0374   0.0613  -0.2237  -0.1866  -0.0627  -0.0309  -0.3246  -0.0086  -0.1081   0.0822   0.0611   0.0766  -0.0102   0.2072  -0.0831   0.0117  -0.0514  -0.0025
 2 A   0.0601  -0.2225  -0.0373   0.0385  -0.0704   0.1572  -0.1845  -0.0405   -0.066  -0.0719  -0.0803  -0.0158   0.2483   0.2606  -0.2151  -0.0457  -0.0317   0.2664   0.2864  -0.1309
 3 A   0.0978   0.0463  -0.0338   0.0067  -0.0326  -0.0995   0.0419  -0.1029  -0.0371   0.0956  -0.0208   -0.216  -0.0577   0.0465  -0.1364  -0.0893   0.0486  -0.0657   0.1297   0.0418
 4 A  -0.2105  -0.1528   0.0193  -0.0445    -0.09   0.0679   0.0328  -0.0982   0.0855   0.0342   0.0014  -0.0134   0.0314    0.139  -0.0062  -0.0914   0.1922  -0.0304   0.0502   0.0492
 5 A   0.0767   0.1631  -0.1836  -0.0302   0.0497   0.0069  -0.0441    0.062   0.1787   0.1232  -0.1678    0.003    -0.01   0.0814  -0.1265  -0.1152   0.1871    0.069  -0.0881  -0.0517
 6 A  -0.0347   0.0127   0.1826  -0.1456   0.0861  -0.0992  -0.0998  -0.0156   0.0867   0.2567  -0.2009  -0.0363   0.0865   0.0614  -0.0868    0.074  -0.0278   0.0846   0.0969  -0.0584
 7 A   -0.096  -0.0948   0.0267   0.0686  -0.1205  -0.0219  -0.0748  -0.0583  -0.0752  -0.0681   -0.025  -0.1306   0.0122   0.0905    0.113  -0.0725   0.1156   0.0754   0.1013   0.0494
 8 A   0.0112  -0.1686   0.1028  -0.1015  -0.0911  -0.0284   0.0149   0.0426   0.1181  -0.0696   0.0571   0.1123   0.0105  -0.1458  -0.1391  -0.2143  -0.1701   0.0163   0.0207   0.1292
 9 A   0.1173  -0.2449    0.024   0.0658   -0.076  -0.0963  -0.3791  -0.3432  -0.3743   0.2856   0.2178   0.0977   0.3071   0.4865  -0.1663  -0.3432  -0.2763   0.4845  -0.0645   -0.026
