            A        R        N        D        C        Q        E        G        H        I        L        K        M        F        P        S        T        W        Y        V
 1 A  -0.1956  -0.0778   0.0032   0.0844   0.0175   -0.052   0.1172  -0.1161    0.077   0.0346  -0.0598  -0.1802    0.139    0.077  -0.2423  -0.0288   0.0819   0.0429   0.1124  -0.1242
 2 A   0.1809   -0.308   0.0684   0.0385  -0.1321  -0.1397   -0.083  -0.0606   0.0549   0.1096   0.0624  -0.3375  -0.0085   0.0516   0.2043   0.0697   0.2203   -0.022   0.0558   0.1917
 3 A   0.0651  -0.1371   0.0745  -0.1388   0.0354  -0.0431  -0.0315  -0.1067   0.0211   0.1019   -0.124  -0.1115   0.1137   0.1728  -0.1647   0.0644   0.0468  -0.0484   0.1381  -0.0006
 4 A   0.0559  -0.0537   0.0558  -0.0363  -0.0225   0.0571  -0.0149   0.0263  -0.0255   0.0162  -0.0813  -0.0382   0.0029   0.0107   0.0674   0.0452  -0.0007   0.1315   0.0273   0.0128
 5 A   0.0631   0.0351   0.0784   -0.034  -0.0222   0.0462  -0.0304  -0.0959  -0.0164   0.1233   0.0509  -0.1371   0.0734   0.1768  -0.0641   0.0166   0.0555  -0.0461   0.0659   0.0692
 6 A   0.1032   0.0518   0.0509    0.009   0.0824  -0.0036   0.0396  -0.0033  -0.0099   0.0187   0.0003   0.0226   0.0846   0.0411  -0.0197  -0.0385   0.0675  -0.0148  -0.0604   0.0424
 7 A    0.034  -0.0734    0.011  -0.0305   0.0292  -0.0644  -0.0247   0.0099   0.0563  -0.0524  -0.0042   -0.096   0.0326   0.0527  -0.0088   0.0373    0.032   0.0338   0.0486   0.0642
 8 A  -0.1317   0.0065   0.0254  -0.1659  -0.0855   0.0291   0.0644   0.0411   0.0255   -0.026    0.033   0.0218   0.0581    0.096  -0.0951   0.0014  -0.0502  -0.0459   0.0012  -0.0093
 9 A  -0.0052   0.4126    0.024   0.0658    -0.43  -0.0963   -0.086  -0.0027  -0.0402  -0.2252   -0.139   0.3336  -0.0435   0.0152   0.0102   0.0491  -0.1301   0.0181   0.0941  -0.2029
