            A        R        N        D        C        Q        E        G        H        I        L        K        M        F        P        S        T        W        Y        V
 1 A   0.0332   0.0428   0.0317  -0.0946  -0.0706  -0.0035   0.0338   0.0282  -0.0396   0.0078  -0.0162    0.037  -0.0591   0.0494  -0.2355    0.078  -0.0118   0.0197  -0.1165  -0.0604
 2 A   0.0601   0.0161  -0.0373   0.0133   0.0125   0.0115   0.2849   0.0092   -0.066   0.0061   0.0219   0.0113   0.0109   0.0128   0.0099   0.0074  -0.0471   0.0111  -0.0008   0.0118
 3 A   0.1542   0.0496   0.0057  -0.0626  -0.0794  -0.0104   0.0817  -0.0018  -0.0424   0.0216   0.0279  -0.0209  -0.0577   0.0295  -0.0017   -0.059   0.0144  -0.0707  -0.0063   -0.043
 4 A   0.0102  -0.0172   0.0677   0.0435    -0.09  -0.0598  -0.0158   0.0133   0.0889   0.0441   0.0332  -0.0422  -0.0721   0.0164   0.1573  -0.0669   0.0599   0.0782   0.0502  -0.0703
 5 A   0.1032   0.0507  -0.0121   0.0503   -0.046   0.0773   -0.045   0.0668   0.0508   0.0536   0.0212  -0.0352    -0.01   0.0842    0.087  -0.0327   0.0139    0.034  -0.0994   0.0282
 6 A   -0.008   0.0054   0.0209   0.0394   0.0932   0.0703  -0.0335   0.0373     0.04   0.0614  -0.0474  -0.1261   0.0467   0.0434   0.0634   0.0511   0.1177   0.0846   0.0151  -0.0723
 7 A   -0.096  -0.1181   0.0188   0.0234   0.1182   0.0078   0.0106   0.1077  -0.0752   0.0392    0.062   0.0091   0.0122  -0.0793    0.083  -0.0413  -0.0606   0.0555  -0.0325   0.0479
 8 A  -0.0194  -0.0727   -0.085   0.1002  -0.0911   0.0084  -0.0233   0.0028  -0.0141   -0.058   0.0878  -0.1262  -0.0534   0.0218  -0.0397   0.0488  -0.0609   0.0163   0.0555   0.0697
 9 A   0.0107  -0.1304  -0.0116  -0.1751   -0.171   0.0557  -0.1833   0.0284   0.0298   0.1214   0.0349   0.0977   0.2109   0.0624  -0.1802   0.1949   0.0338   0.0016   0.0614  -0.1049
