            A        R        N        D        C        Q        E        G        H        I        L        K        M        F        P        S        T        W        Y        V
 1 A   0.0804   0.1203  -0.0546  -0.0302  -0.0432   0.0254  -0.0697    0.002   0.1775  -0.0046  -0.0496   0.0029    0.147   0.0721  -0.0243  -0.1205  -0.1332   -0.022   0.1326   0.0042
 2 A   0.0342  -0.1776  -0.1577  -0.2289  -0.0602   0.2998  -0.0548   0.0035   0.3985   0.0946  -0.1522   0.1708  -0.0582   0.2185  -0.0281   -0.003   0.0805    0.353   0.2236  -0.0334
 3 A  -0.0933  -0.0786   0.0236  -0.1597  -0.1052   0.1741  -0.0227   0.0041   0.1816   0.0764   0.0538   0.0455   0.1665  -0.0293   0.1915  -0.0576  -0.0081   0.1402   -0.019   0.0125
 4 A  -0.0354   0.1096   0.1343   0.0134   0.0786  -0.1566   0.1198   0.0107   0.0889   0.1557   0.0921   0.0877   0.0553  -0.0444   0.1028  -0.0046  -0.0028  -0.0604  -0.0822   0.1055
 5 A   0.0394  -0.2332   0.1118   0.1013   0.1126   0.0156   0.2135   0.0533   0.0506   0.1828   0.0312  -0.0238  -0.0495   0.0861   0.1086  -0.0771   0.2047    0.046    0.037  -0.0293
 6 A  -0.0879  -0.0587   0.0625  -0.2023    0.119  -0.1199    0.134  -0.0444   0.1545  -0.0133   0.2781  -0.0606   0.1699   0.1888   0.1071   0.1268   0.0859   0.0233   0.0078    0.152
 7 A  -0.0264  -0.0997   0.0075   0.0805  -0.1326   0.0565    0.277   0.0053   0.0207  -0.1236  -0.0672   0.0011  -0.0835  -0.0583   0.1398  -0.0475  -0.0601   0.2153   0.4092   0.1544
 8 A    0.134   0.0309   0.0643   -0.093   0.0247     0.12   0.0374  -0.0576   0.2257  -0.3504  -0.1511   0.1695  -0.0013  -0.0042  -0.0442   0.0865   0.2276  -0.1738   0.0292   0.0612
 9 A   0.0989  -0.0779    0.024   0.2597  -0.0839  -0.0626   0.0791   0.0046   0.0281  -0.0225   0.0398  -0.1448  -0.0623    0.175  -0.1596  -0.0364   0.1344   0.6032  -0.0371  -0.1622
