            A        R        N        D        C        Q        E        G        H        I        L        K        M        F        P        S        T        W        Y        V
 1 A    0.051   0.0537   0.0757   -0.129  -0.0706   0.0471  -0.0627   0.0211  -0.0165   0.0078  -0.0162   0.1112  -0.0591  -0.1286  -0.1728   0.0144   0.1157   0.0479   0.0293  -0.1732
 2 A   0.0601  -0.0076  -0.0084  -0.0074  -0.0074   0.0789   0.2139  -0.0103  -0.0072   -0.011  -0.0084  -0.0158  -0.0084  -0.0079  -0.0091  -0.0069  -0.0123   0.0669  -0.0172  -0.0079
 3 A   0.0204   0.0496   0.0761  -0.0513  -0.0794  -0.0104   0.0817  -0.0413  -0.0424  -0.0707  -0.1029  -0.1148  -0.0577   0.0311   0.0002   0.0565   0.0881  -0.0707   0.0592   0.1603
 4 A  -0.0601  -0.0172   0.1201  -0.0941    -0.09  -0.1105  -0.0358   0.0595   0.0889   0.0303   0.1465   0.0988  -0.0721    0.136  -0.0565  -0.0669   0.0636   0.0426   0.0502  -0.0375
 5 A   0.0667   0.0286   0.0071   0.0959   -0.046   0.0197   0.0226   0.1342   0.0092  -0.0936  -0.0145   0.0681    -0.01   0.0389   0.0483   0.0367   0.0405  -0.0071   0.1938  -0.0621
 6 A  -0.1055   0.0054   0.1039   0.0998    0.047   0.0999  -0.0704   0.0166   0.0371   0.2481  -0.1031   0.0317   0.0385  -0.0081    0.023   0.0511   0.1294   0.0846   0.0496  -0.0725
 7 A  -0.1589  -0.0367   0.0605  -0.0836    0.148   0.0078   0.0106   0.0684  -0.0752   0.0129   0.1716  -0.0583   0.0122   0.0062   0.1539   0.0067  -0.0406   0.1052  -0.0358  -0.0244
 8 A  -0.0165  -0.0727  -0.0874   -0.002  -0.0911   0.1695   0.0012  -0.0047   0.0546  -0.1322  -0.0042  -0.0738  -0.1042   0.0372   0.0465   0.0488   0.1485   0.0163   0.0797  -0.0518
 9 A    0.007  -0.0945  -0.0434  -0.1285  -0.1113    0.028  -0.1272  -0.0078   0.0213   0.1765   0.0068  -0.1191   0.2035   0.1423   0.0102  -0.0854   0.0338   0.1263   0.0941  -0.1103
