            A        R        N        D        C        Q        E        G        H        I        L        K        M        F        P        S        T        W        Y        V
 1 A  -0.0153   0.0192  -0.0858  -0.0957  -0.0671  -0.0848  -0.0088    0.013   0.0032   0.0548   0.0314   0.0205   0.0228   0.0148  -0.0077  -0.0257   -0.078   0.0175    0.034  -0.0223
 2 A   0.0462  -0.0242  -0.0194  -0.0159  -0.0152   0.0088  -0.0066  -0.0116  -0.0456   0.0286   0.0179  -0.0381   0.0429   0.0405   0.3577   0.0086   0.0038   0.0414  -0.0012   0.0278
 3 A   0.0489    0.059    0.025   0.0087   0.0514  -0.0321   0.0128  -0.0046  -0.0204  -0.0235  -0.1036  -0.0259   0.0174    -0.01   0.0389   0.0212  -0.0649  -0.0047    0.037  -0.0186
 4 A   0.0229   0.0118  -0.0466   0.0154  -0.0404   0.0119  -0.0145   0.0405   0.0606   -0.018   0.0056   0.0444   0.0151   0.0246   -0.009  -0.0322   0.0595   0.0954   0.0065   0.0571
 5 A  -0.0043   0.0992   0.0412  -0.0435    0.018  -0.0042    0.016   0.1007  -0.0438  -0.0094   0.0135   0.0634   0.0838   -0.025   0.0541   0.0615   0.0275    0.013   0.0535   0.0037
 6 A  -0.0874   0.1327   0.0553   0.0221  -0.0448   0.0156   0.0529   0.0796   0.0062  -0.0183   0.0135   0.0688   0.0498   0.0173   0.0493  -0.0018   0.0467   0.0237   0.0341    0.052
 7 A   0.0323  -0.0142  -0.0035   -0.053   -0.019  -0.0219  -0.0244    0.015  -0.0166    0.036   0.0287  -0.0208   0.0182    0.055   0.0053   0.0093   0.0375   0.0271   0.0297   0.0441
 8 A   0.0482  -0.0372  -0.1181    0.013  -0.0716   0.0101  -0.0058   0.0094  -0.0409    0.022  -0.0319   0.0133   0.0186  -0.0069   0.0722   0.0117  -0.0226  -0.0198  -0.0291   0.0232
 9 A  -0.0298  -0.0482  -0.1427   0.0619  -0.0305   0.0175   0.0253  -0.0102    0.079  -0.0061   0.0928  -0.0344   0.1855   0.0634  -0.0095  -0.0627  -0.0528   0.0087  -0.0379   -0.001
