            A        R        N        D        C        Q        E        G        H        I        L        K        M        F        P        S        T        W        Y        V
 1 A  -0.1785  -0.1182  -0.0047   0.0573   0.0349  -0.0427   0.1525  -0.1314    0.088   0.0167  -0.0673  -0.1894   0.1763    0.042  -0.2599  -0.0242   0.0786   0.0277   0.1056  -0.0983
 2 A   0.1893  -0.3284    0.058   0.0385  -0.1188  -0.1264   -0.083  -0.0609   0.0439   0.1133   0.0688  -0.3199   0.0432   0.0411   0.2179   0.0947    0.236  -0.0398   0.0364   0.2047
 3 A   0.0819  -0.1158   0.0652  -0.1607   0.0314  -0.0713   -0.056   -0.137    0.026    0.101  -0.0989   -0.078    0.091   0.1751  -0.1351   0.0488   0.0487  -0.0619   0.1354   0.0245
 4 A   0.0339   -0.074   0.0171  -0.0129   0.0012   0.0261  -0.0271    0.028   0.0049   0.0027  -0.0514  -0.0245   0.0468   0.0429   0.0471   0.0567  -0.0099   0.1134   0.0128  -0.0136
 5 A   0.0357   0.0197   0.0726  -0.0057   -0.013   0.0148  -0.0241  -0.0598  -0.0034   0.1374   0.0191  -0.1036   0.0634   0.1266  -0.0525    0.035   0.0295  -0.0494   0.0633   0.1105
 6 A   0.0893   0.0543   0.0474   0.0094    0.083   0.0166   0.0289  -0.0389   0.0263    0.022   0.0255    0.025   0.0806   0.0454  -0.0314  -0.0119   0.0417  -0.0229  -0.0415   0.0201
 7 A   0.0504  -0.0909    0.008  -0.0394   0.0568  -0.0501  -0.0014   0.0126   0.0383  -0.0292   0.0053  -0.1126   0.0444   0.0543  -0.0209   0.0342   0.0168   0.0333   0.0197   0.0434
 8 A  -0.1048   0.0029   0.0083  -0.1228   -0.091   0.0123   0.0274   0.0148   0.0046  -0.0401   0.0418   0.0322   0.0329   0.1099  -0.0744   0.0009   -0.037   -0.055   0.0269  -0.0207
 9 A  -0.0247   0.4386    0.024   0.0658  -0.4105  -0.0963   -0.086  -0.0027  -0.0226  -0.1718  -0.1122   0.3308  -0.0263   0.0085   0.0102   0.0491  -0.1199   0.0318   0.1151  -0.1742
