            A        R        N        D        C        Q        E        G        H        I        L        K        M        F        P        S        T        W        Y        V
 1 A    0.029   0.0114  -0.0789  -0.1755  -0.1015  -0.0396  -0.1016   0.0081  -0.0098   0.0342  -0.0272  -0.0266   0.2303   0.0687  -0.1152    0.023  -0.0696  -0.0032   0.1634  -0.0346
 2 A  -0.0002  -0.0259  -0.1693  -0.0737  -0.1245   0.0855    0.042   -0.051  -0.0514   0.1193   0.3269   0.0287   0.2791  -0.0332  -0.0393   -0.004   0.0694   0.0107   0.0458   0.0449
 3 A   0.0356  -0.1566  -0.0212   0.0312  -0.0572  -0.0173  -0.1408  -0.0115  -0.0323   0.0858   0.1102  -0.1299   0.1238    0.161  -0.0218   0.0314  -0.0083   0.0351   0.0312   0.0071
 4 A  -0.0352  -0.0293    0.045   0.1119   0.0322   -0.006   0.1063  -0.0347  -0.0372   0.0523  -0.0614  -0.0181   0.0654   -0.036   0.0467   0.0036   0.0476   0.0281   0.1107  -0.0342
 5 A   0.0097  -0.0789   0.0854   0.0864   0.1028  -0.0907   0.0566  -0.0107   -0.005    0.117  -0.0418  -0.0366   0.0166   0.0573  -0.0713   0.0073   -0.002   0.1764   0.1169   0.0709
 6 A    -0.01  -0.1041   0.1129  -0.0451   0.0553   0.0216   0.0426  -0.0225   0.0465   0.1215  -0.0084     0.02   0.1371   0.0918  -0.0504   0.0741   0.0848  -0.0616   0.0323   0.0741
 7 A   0.0178  -0.1275  -0.0101  -0.0361  -0.0619  -0.0382   0.0901  -0.0796   0.0001   0.0517  -0.0192  -0.1516   0.0859   0.1563   0.0215   0.0355   0.0565   0.0933   0.0547   0.0731
 8 A  -0.0788   0.0252  -0.0165  -0.1279  -0.0047  -0.0199  -0.0112   0.0348  -0.0813   0.0201   0.0301  -0.0183  -0.0556   0.0501   0.0532  -0.0069   0.0119   0.0913   0.0694  -0.0585
 9 A   0.0439  -0.0121  -0.1514   0.0102  -0.1421   0.0163   0.0066  -0.0311    0.067   0.2064   0.1914  -0.1008   0.0735  -0.0944  -0.0271  -0.0449  -0.0332  -0.0572  -0.0731    0.239
