            A        R        N        D        C        Q        E        G        H        I        L        K        M        F        P        S        T        W        Y        V
 1 A   0.0012   0.0099  -0.0478  -0.1832  -0.0914  -0.0433  -0.1361    0.003  -0.0176   0.0244   0.0178     0.05   0.1156   0.1306  -0.1657   -0.008  -0.0511  -0.0155   0.1438  -0.0004
 2 A   0.0153  -0.0249  -0.1162  -0.0392   -0.191   0.0969  -0.0016  -0.0675  -0.0575   0.1535   0.2801   0.0614   0.2624  -0.0048  -0.0452   0.0272   0.0338   0.0207   0.0094   0.0541
 3 A   0.0301  -0.1001   0.0081   0.0348  -0.0803  -0.0414  -0.1063  -0.0424  -0.0535   0.0766   0.0568  -0.1254   0.1401   0.0825  -0.0369   0.0362  -0.0368   0.0703   0.0876   0.0083
 4 A   0.0197  -0.0483  -0.0002   0.0867    0.051   0.0026    0.064   0.0293   0.0086  -0.0037   -0.024  -0.0056   0.0118  -0.0015    0.018  -0.0007   0.0267    0.048    0.056  -0.0271
 5 A   0.0037  -0.0095  -0.0022   0.0467   0.0622  -0.0489   0.0105   0.0166   0.0183   0.0706   0.0175  -0.0132   0.0094   0.0879  -0.0391   0.0161  -0.0093   0.1257   0.1217   0.0386
 6 A  -0.0242  -0.0578   0.0611  -0.0366   0.0501   0.0112   0.0017  -0.0165   0.0315   0.1262   0.0813   -0.065   0.0651   0.0865   0.0131   0.0492   0.0763  -0.0071   0.0531   0.0735
 7 A  -0.0013  -0.1031  -0.0308  -0.0327  -0.0149  -0.0073  -0.0035  -0.0669   0.0306   0.0618   0.0232  -0.1248   0.0443   0.1344   0.0361   -0.013   0.0259   0.0974   0.0869    0.023
 8 A  -0.0208  -0.0244  -0.0203  -0.0977   0.0114  -0.0056   0.0089   0.0007  -0.0931  -0.0196   0.0196  -0.0462  -0.0366   0.0625   0.0405   0.0134   0.0076    0.058   0.0611  -0.0647
 9 A   0.1036  -0.0741  -0.1397  -0.0203  -0.1933  -0.0038   0.0375   -0.046   0.0328   0.1637   0.1623  -0.0593   0.0528  -0.0393   -0.007   -0.057   0.0004  -0.0653  -0.0301   0.2495
