            A        R        N        D        C        Q        E        G        H        I        L        K        M        F        P        S        T        W        Y        V
 1 A  -0.0451  -0.2772  -0.0894  -0.2766  -0.2087  -0.0746   0.1659  -0.0313  -0.2718   0.3136   0.1702   0.2299  -0.2579   0.0806  -0.0377   0.1169   0.0425   0.0117   0.2467   0.0827
 2 A   0.2359   0.1601  -0.0373   0.0385  -0.0172   0.0184   -0.083  -0.2027  -0.2111  -0.2057   0.0248  -0.0158   0.1251   0.1289   0.0384  -0.0889   0.0061   0.0507   0.3011   0.1729
 3 A   0.1685  -0.1718   0.0095   -0.132  -0.1032   0.0051  -0.2086  -0.2139   0.0201   0.2419   0.0839   0.0433   0.1027   0.1105    0.046  -0.0663  -0.1922   0.4418  -0.0527   0.0347
 4 A  -0.1151   0.0213   0.0536  -0.1017   0.1047  -0.0352  -0.0569   0.1271  -0.1119   0.0489  -0.0458  -0.0055  -0.0172  -0.0879  -0.0703   0.1366   0.0501  -0.0011    0.423    0.184
 5 A  -0.0179  -0.0442  -0.0647   0.0476   0.2136  -0.2064  -0.1721  -0.0216   0.2193   0.1074   0.1259   0.0565   0.2027  -0.0774  -0.2375  -0.0694   0.0459   0.3148   0.2159   0.0859
 6 A   0.0982  -0.0079  -0.1166  -0.1153  -0.2157  -0.0489    0.032  -0.0146   0.1366   -0.142   0.0258  -0.1145   0.0586   0.1239   0.1876   0.0904    0.203   0.0846   0.3758   0.0666
 7 A   0.3147  -0.0381   0.0584   0.0813    -0.17   0.2194  -0.1553   0.0891   0.0537   0.1017    0.088  -0.0845  -0.4066   0.0172   0.0834   0.0897   0.0083  -0.1111   0.0375   0.0191
 8 A  -0.2973   0.1175   0.0736   0.0831  -0.2684  -0.1162   0.1766   0.0165   0.1401  -0.1457   0.1206  -0.1212   0.1023  -0.0445   0.0464   -0.145   0.1444   0.0712   0.0754   0.0104
 9 A   -0.166   0.0562    0.024   0.0658  -0.0686  -0.0963   -0.086  -0.0027   0.0213   0.1665   0.0895   0.0938  -0.3245   0.1432   0.0102   0.0491   0.0338   0.2273  -0.1048   -0.015
