            A        R        N        D        C        Q        E        G        H        I        L        K        M        F        P        S        T        W        Y        V
 1 A   0.0269   0.0578   0.0186  -0.1134  -0.0706   -0.004   0.0509   0.0229  -0.0365   0.0078  -0.0162    0.037  -0.0591   0.0563  -0.2521   0.0785  -0.0268   0.0169  -0.1153  -0.0604
 2 A   0.0601   0.0093  -0.0373   0.0082   0.0075   0.0074   0.2882   0.0062   -0.066   0.0046    0.013   0.0082   0.0031   0.0095   0.0022   0.0032  -0.0505   0.0055   0.0048   0.0067
 3 A   0.1527   0.0496   0.0039   -0.073  -0.0794  -0.0104   0.0817  -0.0062  -0.0424   0.0167   0.0461  -0.0277  -0.0577   0.0344  -0.0017   -0.057  -0.0004  -0.0707  -0.0073  -0.0556
 4 A   0.0083  -0.0172   0.0591   0.0519    -0.09  -0.0715  -0.0199   0.0135   0.0889   0.0328   0.0381  -0.0491  -0.0721   0.0105   0.1602  -0.0669   0.0563   0.0908   0.0502   -0.081
 5 A   0.0981   0.0506  -0.0193   0.0477   -0.046   0.0649  -0.0525   0.0736   0.0516   0.0589   0.0433  -0.0447    -0.01   0.0787   0.0801  -0.0311   0.0016   0.0332  -0.0994    0.025
 6 A   -0.013   0.0054   0.0132   0.0316   0.1036   0.0751  -0.0214   0.0331   0.0319    0.064   -0.049  -0.1318   0.0421   0.0378   0.0603   0.0511   0.1232   0.0846    0.007  -0.0712
 7 A   -0.096  -0.1258   0.0237    0.018   0.1144   0.0078   0.0106   0.1032  -0.0752   0.0444    0.075   0.0006   0.0122  -0.0936    0.074  -0.0487  -0.0609   0.0549  -0.0268   0.0547
 8 A  -0.0269  -0.0727  -0.0866   0.0882  -0.0911   0.0195  -0.0112  -0.0016  -0.0071  -0.0647   0.0755  -0.1321  -0.0651   0.0136  -0.0301   0.0488  -0.0609   0.0163   0.0515   0.0652
 9 A   0.0108  -0.1409   -0.015  -0.1839  -0.1802   0.0564  -0.1867   0.0278   0.0274   0.1245   0.0424   0.0977   0.2109   0.0676  -0.1862   0.1958   0.0338   0.0037   0.0691  -0.1255
