            A        R        N        D        C        Q        E        G        H        I        L        K        M        F        P        S        T        W        Y        V
 1 A   0.0591  -0.0545  -0.0994  -0.2078  -0.0076  -0.0046  -0.1191   0.0046  -0.0717  -0.0028    0.009   0.0256   0.1335   0.2806  -0.1672   0.0465  -0.0542  -0.0009   0.0677   -0.079
 2 A   0.0265  -0.1308  -0.1569  -0.1504  -0.0246   0.0798   -0.083   -0.019   -0.066   0.1209   0.3374  -0.0158   0.3152   -0.037   -0.263   0.0371   0.0691   0.0402   0.3157   0.0728
 3 A   0.0913  -0.0044   0.0034  -0.0713  -0.0472  -0.0304   -0.124  -0.0433  -0.1101   0.0528  -0.0434  -0.0483   0.1122   0.1068  -0.0246   0.1095   0.0489  -0.0571   0.0903   0.0161
 4 A   0.0304  -0.0658   0.0046   0.1186   -0.002   0.0331   0.1161    0.042  -0.0426   0.0411   -0.025   0.0132  -0.0392   0.0235   0.0575   0.0544  -0.0405   0.0025  -0.0393   0.0471
 5 A   0.0531   0.0053   0.0182   0.0298   0.0426   0.0522   0.0865   0.0107   0.1058   0.1439   0.0342  -0.0379  -0.0297   -0.007  -0.0775    0.021  -0.0445   0.0066   0.0863   0.0408
 6 A   0.0222  -0.0575   0.0543   0.0119   0.0158   0.0908   0.0122  -0.0206   0.0142    0.106   0.1458  -0.0978   0.0292   0.0862   0.0129   0.0879    0.077  -0.1147   0.0945   0.0175
 7 A   0.0178  -0.1266   0.0513   0.0397    0.047  -0.0159  -0.0076  -0.0231   0.0392  -0.0606  -0.0319  -0.1455   0.0024    0.113  -0.1193   -0.001   0.1026   0.0927   0.1457   0.0649
 8 A   0.0163  -0.0406  -0.0261  -0.1609  -0.0373   0.0142   0.0235   0.0384  -0.0909  -0.0272   0.0222  -0.0528   -0.065   0.1009   0.0338   0.0603  -0.0295   0.0397   0.1106  -0.0539
 9 A   0.1171  -0.1123  -0.1326   0.0658  -0.1697  -0.0963   -0.086  -0.0027   0.0213   0.1771   0.2298  -0.1333   0.0743   -0.011   0.0102  -0.0739  -0.0084   0.0524  -0.1093   0.2567
