            A        R        N        D        C        Q        E        G        H        I        L        K        M        F        P        S        T        W        Y        V
 1 A   0.0376   0.1152  -0.1582  -0.1555  -0.0706  -0.0274  -0.0627   0.1196  -0.0446   0.0078  -0.0162   0.0737  -0.0591   0.0074  -0.1601   0.0866  -0.0165   0.0506   0.0083  -0.0604
 2 A   0.0601   0.0712    0.005   0.0337   0.0454   0.0476   0.2574  -0.0158  -0.0053   0.0287  -0.0803   0.0124   0.0482   0.0066   0.0097    0.011  -0.0385    0.042  -0.1789   0.0377
 3 A   0.0877   0.0496   0.0216  -0.0936  -0.0794  -0.0104   0.0817  -0.0498  -0.0424  -0.0053  -0.0273   0.0572  -0.0577   0.0238  -0.0642  -0.0046    0.091  -0.0707  -0.0045    0.046
 4 A   0.0296  -0.0172   0.0165  -0.0001    -0.09  -0.0333  -0.0086    0.003   0.0889  -0.0474    0.041   0.0425  -0.0721   0.0615   0.1307  -0.0669    0.016   0.0296   0.0502   0.0757
 5 A   0.1117   0.0724  -0.0063  -0.0801   -0.046   0.0792  -0.0384   0.0706   0.0004  -0.0162  -0.0169   0.0313    -0.01   0.0675   0.0076   0.0321   0.0128   0.0203   0.2225  -0.0504
 6 A   0.0067   0.0054   0.0209   -0.053   0.0817   0.1139  -0.0116   0.0445   0.0382   0.0557  -0.0015   0.0352   0.0195   0.0188  -0.0498   0.0511   0.0246   0.0846   0.0247   0.0059
 7 A  -0.0896  -0.0655  -0.0301  -0.0935   0.1916   0.0078   0.0106   0.0598  -0.0752   0.0271   0.0598   0.0028   0.0122  -0.0052   0.1405  -0.0378   0.0137   0.0316   -0.014  -0.0412
 8 A  -0.0065  -0.0727  -0.0544  -0.0157  -0.0911  -0.1594   0.0299   0.0129  -0.0104  -0.0315   0.0332   0.0107  -0.0269    0.032   0.0641   0.0488   0.0292   0.0163   0.0526  -0.0635
 9 A  -0.0169  -0.1365  -0.1248   0.0658  -0.1414  -0.0578  -0.1544   0.0075   0.0213  -0.0275   0.1538  -0.1015   0.1177   0.1987  -0.0996   0.0491   0.1317  -0.0851   0.0603   0.1502
