            A        R        N        D        C        Q        E        G        H        I        L        K        M        F        P        S        T        W        Y        V
 1 A  -0.0517  -0.0592  -0.0044   0.0084  -0.0479   -0.037   0.0597  -0.0182   0.0609  -0.0139  -0.0568  -0.0971   0.0811   0.1556  -0.0298  -0.0297  -0.0152   0.0489   0.0237  -0.0358
 2 A   0.1151   0.0034   0.1353   0.0064   0.0345   0.0457  -0.0083   0.0017   -0.058   0.0317   0.0389  -0.0359    0.099   0.0067   0.0621   0.0192   0.1327  -0.1384  -0.0217   0.1104
 3 A  -0.0031  -0.0373   0.0145  -0.0305  -0.0882  -0.0063  -0.0283  -0.0588  -0.0136   0.0744   0.0443   0.0008   0.1031   0.0233  -0.0107  -0.0133   0.0713   0.1003   0.0661  -0.0296
 4 A   0.0769   0.0141    0.028    0.068   0.0195   0.0073   0.0024   0.0024   0.0004   0.0219  -0.0317  -0.0201    0.031   0.0675    0.023   0.0428  -0.0025   0.0641   0.0266   0.0167
 5 A   0.0293   0.0085  -0.0077   0.0097   0.0265   0.0558   0.0143   0.0263   0.0444   0.0524    0.013  -0.0187   0.0761    0.026   0.1071   0.0615  -0.0388    0.061   0.0445    0.063
 6 A   0.0219   0.0015   0.0494  -0.0279   0.0264   0.0419  -0.0582    0.055  -0.0102   0.0701   0.0399  -0.0272   0.1659   0.1442     0.04   0.0272    0.028   0.0188   0.0504   0.0457
 7 A   0.0049  -0.0246   0.0212   0.0074   0.0216  -0.0199    0.011  -0.0146   0.0973  -0.0058  -0.0103  -0.0007   0.0355   0.0702   0.0341   0.0099   0.0103  -0.0059   0.0365   0.0432
 8 A    0.003  -0.0183   0.0293  -0.0385  -0.0296  -0.0072  -0.0004  -0.0108   0.0633   0.0088   0.0187  -0.0026  -0.0187    0.055   0.0324  -0.0049  -0.0376  -0.0023   0.0099  -0.0064
 9 A    0.066   0.0145  -0.0578  -0.0686  -0.0583  -0.0432  -0.0638  -0.1358  -0.0489   0.1078   0.0882  -0.0391   0.1807  -0.0059  -0.0193   0.0206   0.1931  -0.0395   -0.006   0.1109
