            A        R        N        D        C        Q        E        G        H        I        L        K        M        F        P        S        T        W        Y        V
 1 A   0.0284   0.1363  -0.2117  -0.2079  -0.0706   0.0059  -0.0627   0.1197   -0.032   0.0078  -0.0162   0.0819  -0.0591  -0.0391  -0.2111   0.0838  -0.0165    0.119   0.0613  -0.0604
 2 A   0.0601   0.0816   0.0079   0.0114   0.0083   0.0116   0.2529   0.0106   0.0074   0.0096  -0.0803   0.0113   0.0071   0.0066    0.007   0.0101  -0.0177   0.0069  -0.1631   0.0074
 3 A  -0.0001   0.0496   0.0113  -0.1509  -0.0794  -0.0104   0.0817  -0.0434  -0.0424   0.0606     0.03   0.0719  -0.0577   0.0502  -0.1188  -0.0047   0.1095  -0.0707   0.0065   0.0446
 4 A   0.1167  -0.0172   0.0273   0.0245    -0.09  -0.0621   0.0033    0.003   0.0889  -0.0497   0.0249   0.0415  -0.0721   0.0615   0.1306  -0.0669   -0.062   0.0262   0.0502   0.0447
 5 A   0.1209   0.0703  -0.0923  -0.1894   -0.046   0.0792  -0.0258   0.0809  -0.0213  -0.0451  -0.0353  -0.0067    -0.01   0.0882   0.0414   0.0317   0.0147   0.0306    0.418  -0.0565
 6 A  -0.0371   0.0054  -0.0213  -0.0962   0.0817   0.1926   0.0269    0.056   0.0382   0.0581  -0.0158   0.0547  -0.0249   0.0066  -0.0094   0.0511   0.0285   0.0846    0.015   0.0123
 7 A   -0.143  -0.0742   0.0041  -0.1363   0.1985   0.0078   0.0106   0.0654  -0.0752   0.0809   0.0186   -0.066   0.0122   0.0707   0.1513  -0.0438   0.0284   0.0645  -0.0267  -0.0574
 8 A  -0.0482  -0.0727  -0.0069  -0.0186  -0.0911   -0.161   0.0295  -0.0093   0.0006  -0.0292   0.0262    0.025  -0.0557   0.0253   0.0761   0.0488   0.0597   0.0163    0.064  -0.0529
 9 A  -0.0067  -0.1763  -0.1773   0.0658  -0.1741  -0.0182   -0.182   0.0305   0.0213  -0.0156    0.167  -0.1746   0.2203   0.1397  -0.1453   0.0491   0.1985  -0.0616   0.0703   0.1368
