            A        R        N        D        C        Q        E        G        H        I        L        K        M        F        P        S        T        W        Y        V
 1 A     0.04   0.0085  -0.0039  -0.0533  -0.0706  -0.0114   0.0143   0.0277   -0.033   0.0078  -0.0162    0.037  -0.0591    0.035  -0.1759   0.0858   0.0026   0.0273  -0.1041  -0.0604
 2 A   0.0601   0.0242  -0.0373   0.0239   0.0335   0.0338   0.2825  -0.0248   -0.066   0.0166   0.0149   0.0023    0.046   0.0101   0.0234   -0.013  -0.0297   0.0333  -0.0542   0.0257
 3 A   0.1517   0.0496    0.005  -0.0336  -0.0794  -0.0104   0.0817   0.0049  -0.0424    0.036   0.0133  -0.0168  -0.0577   0.0272  -0.0017  -0.0721   0.0009  -0.0707    -0.01  -0.0012
 4 A  -0.0135  -0.0172   0.0828   0.0251    -0.09  -0.0333  -0.0009   0.0057   0.0889   0.0579   0.0315  -0.0317  -0.0721   0.0469    0.117  -0.0669   0.0808   0.0638   0.0502  -0.0529
 5 A   0.1145   0.0687   0.0093   0.0469   -0.046    0.103  -0.0278   0.0523   0.0407   0.0606  -0.0128   0.0091    -0.01   0.0634   0.0527  -0.0383   0.0314   0.0283  -0.0994   0.0398
 6 A   0.0033   0.0054   0.0439   0.0523   0.0825   0.0462  -0.0502   0.0521   0.0508   0.0728  -0.0521  -0.0871   0.0517   0.0418   0.0334   0.0511   0.0963   0.0846   0.0411  -0.0716
 7 A   -0.096   -0.108   0.0018   0.0041   0.1239   0.0078   0.0106   0.1144  -0.0752   0.0404   0.0452   0.0469   0.0122  -0.0421   0.0801  -0.0353  -0.0627   0.0476  -0.0294     0.05
 8 A  -0.0022  -0.0727  -0.0806   0.0824  -0.0911  -0.0099  -0.0395   0.0079  -0.0286   -0.053   0.0993  -0.0727  -0.0269   0.0151  -0.0578   0.0488  -0.0609   0.0163   0.0628   0.0761
 9 A    0.005  -0.1032   0.0012  -0.0902  -0.1338   0.0008   -0.151   0.0164    0.029   0.0675   0.0313   0.0977   0.1635   0.0446  -0.1114   0.1423   0.0338  -0.0255   0.0527  -0.0382
