            A        R        N        D        C        Q        E        G        H        I        L        K        M        F        P        S        T        W        Y        V
 1 A    0.042   0.1284  -0.0494  -0.0796  -0.0617  -0.1061  -0.0412   0.0129  -0.0052  -0.0259   0.0706   0.1133   0.0311  -0.0704  -0.0195   0.0015    -0.02  -0.0481   0.0037     0.03
 2 A  -0.0085  -0.0143   0.0014  -0.0445   0.0753  -0.0003   0.0107  -0.0213   0.0087   0.0171   0.0959  -0.0616   0.0693   0.0712   -0.071   0.1236   0.0861   0.1618   0.0097   0.0938
 3 A  -0.0981    0.213   0.0923  -0.0126  -0.2062    0.003  -0.0519  -0.0419   0.1864   0.0109   0.0181   0.1156   0.0863   0.0425  -0.0287  -0.0106   -0.107  -0.0152   0.0158  -0.0381
 4 A   0.1103    0.044  -0.0397  -0.0034   0.2281   0.0871  -0.0366  -0.0231   0.0792  -0.0516   0.0362   0.0557    0.176  -0.0178   0.0036  -0.0289  -0.0266   0.0009  -0.0605  -0.0518
 5 A   0.0304    0.073   0.0359  -0.0405  -0.0423   0.0487  -0.0284   0.0224   0.0114   0.0155   0.0209   0.0448   0.0909   0.0906   0.0105   0.0476  -0.0153   0.0705    0.073   0.0962
 6 A  -0.0075   0.1305  -0.0683  -0.0304   0.0168  -0.0057  -0.0519   0.0529    0.089   0.0272  -0.0133   0.0128   0.0862   0.0214   0.0648   0.0474   0.1048   0.0289   0.1273   0.0676
 7 A  -0.0319   0.0413   0.0858  -0.0656   0.0122  -0.0004  -0.0218    0.032   0.0453   0.0887   0.0154  -0.0259   0.0374   0.0438   0.0812  -0.0037  -0.0472  -0.0622   0.0123   0.0814
 8 A   0.0399  -0.0447   0.0255  -0.0632   0.0557   -0.052  -0.0329   0.0047   0.0548   0.0231  -0.0166   0.0076  -0.0422  -0.0065    0.206  -0.0282  -0.0456  -0.0731    0.047  -0.0231
 9 A   0.0745   0.0323    0.024   0.0295  -0.0896  -0.0461   0.0107   0.0039  -0.1737    0.001  -0.0053   0.3029    -0.06  -0.0086   0.0235  -0.0075   0.0052  -0.0833   0.1062   0.0428
