            A        R        N        D        C        Q        E        G        H        I        L        K        M        F        P        S        T        W        Y        V
 1 A  -0.1226  -0.0899   0.0267    0.002  -0.0102  -0.0872   0.0023   -0.096   0.0251   0.0065   0.0164  -0.1009   0.1791   0.1302  -0.1452  -0.0659   0.0684   0.0961   0.0681  -0.0266
 2 A   0.3079   -0.078  -0.0867  -0.0424   0.1105  -0.0454   -0.018   0.1634  -0.0282   0.0685   0.0135  -0.1763   0.1216   0.0621   0.2452   0.0809  -0.0005  -0.2561   0.0292   0.0623
 3 A   0.0584  -0.1137   0.0149   0.0462  -0.1024   0.0091   0.0655  -0.0698   0.1096  -0.0142  -0.0356   -0.074    0.026   0.0445  -0.1056   0.0201   0.0034     0.14    0.034    0.084
 4 A  -0.0071   0.0104   0.0485   0.0272  -0.0144   0.0663   -0.044   0.0309  -0.0562   0.0278  -0.0479  -0.0352   0.0276   0.1264   0.0616   0.0349    0.072    0.064  -0.0554   0.0911
 5 A   0.0494   0.1076  -0.0088   0.0618   0.0696   0.0767  -0.0088   0.0507  -0.0124   0.0285   0.0458  -0.0848   0.1276   0.0584  -0.0233   0.0741  -0.0485   0.0492   0.0183   0.0033
 6 A  -0.0056   0.0287  -0.0213   0.1336  -0.0494  -0.0177    0.069   0.0173  -0.0183    0.085  -0.0477   0.0445   0.0344   0.0595   0.0771   0.0195   0.0368   0.0167   0.0774   0.1439
 7 A   0.1005  -0.0696   0.0441   0.0008  -0.0934  -0.0069  -0.0056  -0.0153   0.0093  -0.0277   0.0615  -0.0573  -0.0014   0.1049  -0.0162  -0.0147   0.0905   0.0911   0.0511   0.0409
 8 A   0.1106  -0.0076  -0.1553  -0.0354    0.026   -0.074   0.0276  -0.0144  -0.1332   0.0868   0.0182  -0.0505   0.0308  -0.0076   0.1155  -0.0156    0.072  -0.0315  -0.0411   0.0574
 9 A   0.0007  -0.0113   0.0494  -0.0191   0.0017  -0.0606   -0.138  -0.1836   0.1919  -0.0065   0.0596  -0.0697   0.2338   0.1408  -0.0768  -0.1117  -0.0019     0.02   0.2478  -0.0998
