            A        R        N        D        C        Q        E        G        H        I        L        K        M        F        P        S        T        W        Y        V
 1 A   0.0018   0.0394  -0.0614   -0.098  -0.0584  -0.0863   -0.025   0.0115    0.005   0.0522   0.0287    0.024   0.0119   0.0162  -0.0567  -0.0072  -0.0659   0.0143   0.0247  -0.0138
 2 A   0.0609   -0.011  -0.0233   -0.016  -0.0074   0.0073  -0.0053   0.0036  -0.0391   0.0321   0.0083  -0.0292   0.0298   0.0091   0.3685   0.0062   0.0086   0.0568  -0.0108    0.029
 3 A   0.0426   0.0763   0.0099   0.0123   0.0573  -0.0464  -0.0121  -0.0196   0.0022  -0.0312  -0.0699  -0.0256   0.0092  -0.0197   0.0186   0.0152  -0.0375   0.0012   0.0298   0.0166
 4 A   0.0218   0.0146  -0.0315   0.0058  -0.0217   0.0255  -0.0031   0.0166   0.0552  -0.0195   0.0194   0.0402    0.022   0.0141   -0.008  -0.0125   0.0584   0.0856   0.0177   0.0294
 5 A   0.0013   0.0936   0.0527  -0.0219    0.029  -0.0161   0.0125   0.0543  -0.0161  -0.0068   0.0143   0.0615   0.0753   -0.001   0.0633   0.0512    0.017   0.0114    0.047   0.0179
 6 A  -0.0404   0.1137   0.0406   0.0198  -0.0153   0.0213   0.0299   0.0566   0.0274  -0.0095   0.0142   0.0594   0.0415   0.0165   0.0571  -0.0015   0.0625   0.0375   0.0129   0.0453
 7 A   0.0417   0.0137   0.0004  -0.0567  -0.0015  -0.0159  -0.0418   0.0322  -0.0034   0.0265   0.0162   -0.024   0.0231   0.0383  -0.0029   0.0131   0.0537    0.022   0.0197   0.0298
 8 A   0.0626  -0.0209  -0.0953   0.0009  -0.0661   0.0022  -0.0018  -0.0104  -0.0266   0.0471  -0.0172  -0.0043   0.0072  -0.0049   0.0415   0.0203  -0.0132  -0.0203  -0.0436   0.0177
 9 A  -0.0075  -0.0489   -0.138   0.0654  -0.0219  -0.0032   0.0149  -0.0096    0.078   0.0158   0.0863  -0.0256   0.1706    0.065  -0.0135  -0.0646  -0.0478   0.0096  -0.0384   0.0025
