            A        R        N        D        C        Q        E        G        H        I        L        K        M        F        P        S        T        W        Y        V
 1 A  -0.0275   0.0852  -0.0386  -0.0512  -0.0599  -0.0686  -0.0362  -0.0193   0.0019  -0.0271  -0.0231  -0.0081  -0.0205  -0.0272  -0.0241   0.0328  -0.0343   0.0246   0.0438  -0.0004
 2 A   0.0159   0.2416  -0.0401  -0.0887  -0.0163   0.1217  -0.0063  -0.0202   0.0423  -0.0004   0.0146   0.1195   0.0821  -0.0326  -0.0047   0.0331   0.0111   0.0091   -0.037  -0.0012
 3 A    0.039  -0.0027  -0.0243  -0.0174  -0.0341   0.0168   0.0036  -0.0283  -0.0111   0.0136   0.0196  -0.0052  -0.0071   0.0207  -0.0311  -0.0079  -0.0426   0.0096   0.0806   0.0003
 4 A  -0.0005    0.012   0.0251  -0.0096   0.0256  -0.0006   0.0018   0.0486  -0.0404   0.0245   0.0265   0.0127   0.0253   0.0444   0.0053   0.0389  -0.0009   0.0304   0.0219  -0.0009
 5 A   0.0465   0.0031   0.0274     0.03   0.0002   0.0218  -0.0163   0.0248   0.0631   0.0348   0.0318   0.0411   0.0333   0.0215   0.0316   0.0137   0.0217   0.0455   0.0136   0.0099
 6 A   0.0404   0.0385    0.054  -0.0068   0.0207    0.009   0.0369   0.0204   0.0529   0.0432   0.0371   0.0312   0.0057   0.0296   0.0095   0.0374   0.0227   0.0165   -0.001   0.0499
 7 A   0.0332   0.0406  -0.0017  -0.0314  -0.0345   0.0079  -0.0138   0.0013   0.0079    0.022   0.0265    0.037  -0.0261   0.0071  -0.0101   0.0115  -0.0321   0.0292   0.0738  -0.0022
 8 A  -0.0079  -0.0307  -0.0217  -0.0359   0.0181  -0.0132  -0.0341   0.0143  -0.0006  -0.0372   0.0255    0.024  -0.0373  -0.0178   0.0237   0.0368   0.0113  -0.0263   -0.061   0.0098
 9 A  -0.0148   0.0477  -0.0636  -0.0059  -0.0299   0.0105    0.023  -0.0346    0.033  -0.0192   0.0076   0.0909  -0.0179    0.038   -0.001   -0.021   0.0169  -0.0238    0.017  -0.0027
