            A        R        N        D        C        Q        E        G        H        I        L        K        M        F        P        S        T        W        Y        V
 1 A  -0.0441   0.0796  -0.0382  -0.0874   0.0012  -0.0202  -0.0288   0.0023  -0.0168   0.0863  -0.0297   0.0525  -0.0135  -0.0554  -0.0749  -0.0379  -0.0049  -0.0481   0.0236  -0.0209
 2 A   0.1415   -0.001  -0.0699  -0.1734  -0.0271  -0.0338   0.0168  -0.0047   0.0109    0.065   0.0663   0.0074   0.0756  -0.0002   0.0462   0.1724   0.1208  -0.0311    0.004   0.0288
 3 A   0.0231  -0.0128    0.042  -0.0378  -0.0884  -0.0236  -0.0704  -0.0079  -0.0223   0.0721   0.0428  -0.0725   0.0221   0.0381  -0.0181   0.0559  -0.0241   0.0141   0.0249     0.03
 4 A   0.0519    0.017  -0.0292   -0.003  -0.0007    0.032   0.0137   0.0029   0.0094   0.0292   0.0061  -0.0177  -0.0032   0.0021   0.0245   0.0061   0.0087   0.0109   0.0531   0.0668
 5 A   0.0049  -0.0106   0.0285  -0.0046   0.0618   0.0353   0.0383   0.0101   0.0337   0.0427   0.0033   0.0112   0.0189   0.0047   0.0134   0.0539   0.0461   0.0069   0.0484   0.0414
 6 A   0.0213  -0.0061    0.016   0.0187   0.0032   0.0637  -0.0183   0.0592   0.0937   0.0051   0.0115   0.0066    0.019   0.0547   0.1019   0.0147   0.0319   0.0068   0.0468  -0.0177
 7 A   0.0146  -0.0222  -0.0081  -0.0188  -0.0142  -0.0068   0.0512  -0.0479   0.0234  -0.0102   0.0433   -0.024   0.0243   0.0295   0.0319   0.0244   0.0216   0.0348  -0.0069   0.0018
 8 A  -0.0226  -0.0194   -0.002  -0.0488   0.0034  -0.0321   0.0419  -0.0335   0.1059   0.0094  -0.0149   -0.013  -0.0562  -0.0382  -0.0153  -0.0212  -0.0168   -0.031   0.0208   0.0267
 9 A   0.0062  -0.0373   -0.217  -0.0003  -0.0096   0.0073   -0.054  -0.0891   0.0431   0.0391   0.0282  -0.0606   0.0164   0.0946  -0.0602  -0.0117  -0.1014   0.3758   0.0537   0.0012
