            A        R        N        D        C        Q        E        G        H        I        L        K        M        F        P        S        T        W        Y        V
 1 A   0.0807   0.1209  -0.0551  -0.0298  -0.0436   0.0264  -0.0707   0.0021   0.1789  -0.0059  -0.0497   0.0033   0.1493   0.0726  -0.0239  -0.1203  -0.1344  -0.0218   0.1328   0.0042
 2 A   0.0356  -0.1757  -0.1566  -0.2288    -0.06   0.3014  -0.0517   0.0044   0.4008   0.0973  -0.1524   0.1727  -0.0593   0.2193  -0.0284  -0.0024   0.0817   0.3566   0.2242  -0.0333
 3 A   -0.095   -0.079   0.0231  -0.1613  -0.1055   0.1736  -0.0235   0.0042   0.1816   0.0772   0.0537   0.0442   0.1668    -0.03   0.1925  -0.0575  -0.0087   0.1423  -0.0197   0.0123
 4 A  -0.0348   0.1119   0.1348   0.0139   0.0787  -0.1574   0.1218   0.0114   0.0889   0.1568   0.0939   0.0893   0.0556  -0.0423   0.1034  -0.0032  -0.0026  -0.0597  -0.0812   0.1071
 5 A   0.0394  -0.2347   0.1132   0.1028    0.114   0.0171   0.2158   0.0545    0.052   0.1849   0.0316  -0.0232  -0.0494   0.0871   0.1088  -0.0778   0.2067   0.0467   0.0389  -0.0295
 6 A  -0.0877  -0.0585   0.0649  -0.2031     0.12   -0.119   0.1351  -0.0436   0.1558  -0.0132   0.2815  -0.0605   0.1721    0.191   0.1101    0.129   0.0867   0.0265   0.0061   0.1534
 7 A  -0.0274  -0.1014   0.0067   0.0807  -0.1349    0.055   0.2767   0.0043   0.0195   -0.126  -0.0687   0.0005  -0.0855    -0.06   0.1403  -0.0495  -0.0621   0.2153   0.4139   0.1546
 8 A   0.1354   0.0308   0.0657  -0.0931   0.0248   0.1201   0.0375  -0.0581    0.227  -0.3533   -0.152   0.1704  -0.0018  -0.0039  -0.0442   0.0864   0.2285  -0.1769   0.0295   0.0623
 9 A   0.0992  -0.0803    0.024   0.2607  -0.0856  -0.0657   0.0789   0.0024   0.0261  -0.0248   0.0373   -0.148  -0.0647   0.1728  -0.1614  -0.0381   0.1339   0.6013  -0.0395  -0.1645
