            A        R        N        D        C        Q        E        G        H        I        L        K        M        F        P        S        T        W        Y        V
 1 A  -0.0095   0.0625  -0.0267  -0.0452  -0.0527  -0.0536  -0.0352  -0.0073  -0.0015  -0.0258   -0.022  -0.0134  -0.0374  -0.0224  -0.0165   0.0064  -0.0297   0.0217   0.0439  -0.0172
 2 A   0.0194   0.2584  -0.0409  -0.0937  -0.0101   0.1222   0.0062  -0.0223   0.0292   0.0034   0.0168   0.1081   0.0825  -0.0452  -0.0083   0.0257   0.0107   0.0011  -0.0161   0.0002
 3 A   0.0241  -0.0138  -0.0096  -0.0123  -0.0136   0.0064   0.0014  -0.0386  -0.0153   0.0186   0.0204  -0.0176   0.0061   0.0233  -0.0188  -0.0064   -0.035   0.0066   0.0642  -0.0005
 4 A   0.0114   0.0149   0.0162  -0.0096   0.0391   0.0087   0.0013   0.0506  -0.0218   0.0204   0.0259   0.0154   0.0225   0.0284  -0.0012   0.0272   0.0065   0.0122   0.0216   0.0005
 5 A   0.0431   0.0168   0.0233   0.0215   0.0011   0.0216   -0.016   0.0229    0.046   0.0333    0.038   0.0466    0.031    0.024   0.0199   0.0142   0.0285   0.0516   0.0124    0.021
 6 A   0.0461   0.0368   0.0437  -0.0114   0.0148   0.0021   0.0442   0.0307   0.0419   0.0317   0.0306   0.0326   0.0171   0.0305   0.0124   0.0452   0.0337   0.0187   0.0092   0.0399
 7 A   0.0282   0.0211  -0.0107  -0.0164  -0.0354   0.0112  -0.0147  -0.0018   0.0144   0.0197   0.0184   0.0275  -0.0088  -0.0101   0.0108   0.0155  -0.0073   0.0242   0.0642  -0.0049
 8 A  -0.0091  -0.0236  -0.0185  -0.0298    0.005  -0.0169  -0.0293   0.0207  -0.0024  -0.0248   0.0164   0.0067  -0.0281  -0.0074   0.0261   0.0138  -0.0044   -0.015  -0.0494   0.0065
 9 A  -0.0288   0.0484  -0.0457  -0.0032  -0.0265    0.003   0.0178  -0.0222   0.0255  -0.0133   0.0014   0.0674  -0.0049   0.0422  -0.0159   -0.003   0.0018  -0.0128   0.0194  -0.0001
