            A        R        N        D        C        Q        E        G        H        I        L        K        M        F        P        S        T        W        Y        V
 1 A   0.0102  -0.0068  -0.0663  -0.1886  -0.1076  -0.0443  -0.1122   0.0123  -0.0028     0.03  -0.0077   0.0127   0.1777   0.1102  -0.1451   0.0058   -0.064  -0.0036   0.1572  -0.0238
 2 A   0.0094  -0.0315  -0.1346  -0.0433  -0.1655   0.0911   0.0222  -0.0674  -0.0485   0.1563   0.2902   0.0444   0.2584  -0.0115  -0.0488   0.0165   0.0427   0.0155   0.0239    0.039
 3 A    0.031  -0.1405   0.0086   0.0323  -0.0799  -0.0291  -0.1284  -0.0347  -0.0492   0.0797   0.0861  -0.1249   0.1353   0.1272  -0.0361   0.0354  -0.0174   0.0417   0.0593   0.0183
 4 A   0.0115  -0.0408   0.0202   0.0911   0.0448  -0.0061    0.079   0.0126   0.0016   0.0192  -0.0447  -0.0229   0.0338  -0.0177    0.028  -0.0152   0.0421   0.0339   0.0788  -0.0318
 5 A   0.0052   -0.043   0.0331   0.0721   0.0907  -0.0835   0.0231   0.0049   0.0061    0.099  -0.0008  -0.0263   0.0141   0.0661  -0.0534   0.0175  -0.0106   0.1447   0.1235   0.0454
 6 A  -0.0246  -0.0785   0.1077  -0.0495   0.0629   0.0091   0.0043  -0.0218   0.0424   0.1227   0.0364  -0.0286   0.0941   0.0835  -0.0127    0.068   0.0851  -0.0346   0.0379   0.0722
 7 A   0.0111  -0.1311  -0.0108  -0.0352   -0.047  -0.0052   0.0279  -0.0628   0.0193   0.0683  -0.0101  -0.1309   0.0478   0.1274   0.0353   0.0115   0.0392   0.0955   0.0708   0.0505
 8 A  -0.0516   0.0159  -0.0079  -0.1097   0.0088  -0.0102  -0.0011  -0.0043   -0.081  -0.0091   0.0239  -0.0385   -0.055   0.0521   0.0355   0.0046   0.0143   0.0851   0.0619  -0.0704
 9 A   0.0792  -0.0564   -0.158  -0.0156  -0.1594  -0.0018   0.0393   -0.043   0.0543   0.1754   0.1827  -0.0842   0.0526  -0.0781   -0.018  -0.0513  -0.0162  -0.0584  -0.0389   0.2576
