            A        R        N        D        C        Q        E        G        H        I        L        K        M        F        P        S        T        W        Y        V
 1 A  -0.1227  -0.1103   0.0196   0.0438  -0.0172  -0.0737  -0.0404  -0.0851    0.058  -0.0055   0.0305  -0.0978   0.1695    0.109  -0.1495  -0.0691   0.0449   0.0905   0.0699  -0.0103
 2 A   0.3334  -0.0883  -0.0935   -0.053   0.1361  -0.0613  -0.0135   0.1856  -0.0306   0.0753   0.0136  -0.1759   0.1286   0.0135   0.2584   0.0852  -0.0245  -0.2954    0.029   0.0387
 3 A   0.0651  -0.1435  -0.0183   0.0543  -0.1068   0.0187   0.1206  -0.1011   0.1024  -0.0358  -0.0367  -0.0688   0.0367   0.0481  -0.1352   0.0091   0.0362   0.1237    0.066   0.0781
 4 A  -0.0368  -0.0073   0.0304   0.0082   0.0221   0.0823  -0.0622   0.0361  -0.0793   0.0624  -0.0539  -0.0256   0.0217   0.1339   0.0679   0.0529     0.06   0.0576  -0.0735   0.0958
 5 A   0.0287   0.1337   0.0032   0.0671   0.0533   0.0671  -0.0083   0.0675  -0.0157   0.0508   0.0177   -0.084    0.103     0.05  -0.0408   0.1237  -0.0457   0.0441   0.0179  -0.0384
 6 A  -0.0241   0.0496  -0.0376   0.1154  -0.0681   0.0044   0.0649   0.0359  -0.0444   0.1112  -0.0706   0.0291   0.0363   0.0684   0.1007   0.0354   0.0069  -0.0042   0.0935   0.1398
 7 A    0.085  -0.0652   0.0819  -0.0017   -0.101  -0.0287  -0.0247   0.0156  -0.0082  -0.0132   0.0756  -0.0386  -0.0386   0.1084  -0.0348  -0.0276   0.0942   0.0994   0.0199   0.0551
 8 A   0.1233  -0.0259   -0.174  -0.0331   0.0107  -0.0572   0.0361  -0.0242  -0.1307   0.0713    0.015  -0.0538   0.0428  -0.0149   0.1267  -0.0261    0.081  -0.0228   -0.063   0.0652
 9 A  -0.0217  -0.0403   0.0494  -0.0182   0.0121  -0.0206  -0.1555  -0.1952   0.1889  -0.0048    0.035  -0.0702   0.2284   0.1121  -0.0759  -0.0959   0.0064   0.0262   0.2274  -0.0711
