            A        R        N        D        C        Q        E        G        H        I        L        K        M        F        P        S        T        W        Y        V
 1 A   0.0175   0.1069  -0.1446  -0.1015   0.0327  -0.0625  -0.0654   0.0027   0.0323  -0.0399  -0.0427   0.1843    0.062  -0.0324  -0.1116   0.0846   0.0834   0.0035  -0.0702   0.0015
 2 A   0.0463  -0.1226   0.0546  -0.1181  -0.0743   0.0296  -0.0449   0.0402  -0.0127   0.0292   0.0794  -0.0248   0.2413    0.173  -0.0346   0.1255   0.1613   -0.147   0.1627   0.0113
 3 A  -0.0172  -0.0356   0.0965  -0.1009   0.0992  -0.0712  -0.1299   -0.073   0.0802  -0.0165   0.0508   0.0513   0.0973   0.0422  -0.0087  -0.0109   0.0539   0.1543   0.0612  -0.1051
 4 A   0.0344   0.0728   0.0134   0.0639   0.0985  -0.0735  -0.0202  -0.0656    0.005   0.0894   0.0091   0.0333   0.0464   0.0691  -0.0132   0.0229    0.003   0.0712   0.0384  -0.0027
 5 A   0.0214   0.0504  -0.0208  -0.0044   0.0884   0.0209  -0.1079    0.039   0.1302   0.0734   0.1031  -0.0244   0.0542   0.1075  -0.0154  -0.0018   0.0378   0.0693   0.0682  -0.0026
 6 A  -0.0701   0.0552   0.0308  -0.0404   0.0373   0.0161  -0.0982   0.0663   0.0633   0.0427   0.0672   0.0969   0.0935   0.0582   0.0712   0.0455   0.0082   0.0536   0.1481  -0.0156
 7 A   0.0182   0.0383  -0.0405  -0.0131   0.0519  -0.0215  -0.0342  -0.0202    0.017   0.0263   0.0067  -0.0349   0.0101   0.1907  -0.0601   0.0275   0.0498   0.0346   0.1415  -0.0312
 8 A   0.0188   0.0498   0.0593   -0.131  -0.0482  -0.0209  -0.0319  -0.0238   0.0005    0.041    0.046  -0.0254   -0.064   0.0705   0.0101  -0.0648   0.0895   0.0212    0.099  -0.0336
 9 A  -0.0399   0.3742  -0.1633  -0.0006  -0.1309  -0.0599   0.0307  -0.0779   0.0394   -0.059   0.0343    0.148   0.0324   0.0526  -0.0551  -0.0058   -0.052  -0.0269   0.0551   0.0202
