            A        R        N        D        C        Q        E        G        H        I        L        K        M        F        P        S        T        W        Y        V
 1 A  -0.1806  -0.1202  -0.0069   0.0552   0.0329  -0.0448   0.1505  -0.1335    0.086   0.0146  -0.0694  -0.1915   0.1742     0.04  -0.2621  -0.0263   0.0765   0.0259   0.1035  -0.1004
 2 A   0.1909  -0.3271   0.0595   0.0385  -0.1172  -0.1249   -0.083  -0.0594    0.045    0.115   0.0704  -0.3187   0.0449   0.0426   0.2198   0.0963   0.2377  -0.0387   0.0381   0.2064
 3 A   0.0807  -0.1171    0.064  -0.1619   0.0302  -0.0726  -0.0572  -0.1383    0.025   0.0998  -0.1001  -0.0793   0.0898   0.1739  -0.1363   0.0476   0.0475  -0.0631   0.1342   0.0233
 4 A   0.0326  -0.0754   0.0157  -0.0142  -0.0001   0.0248  -0.0285   0.0267   0.0036   0.0013  -0.0527  -0.0259   0.0454   0.0417   0.0458   0.0554  -0.0112   0.1122   0.0115  -0.0149
 5 A    0.035    0.019   0.0719  -0.0064  -0.0137   0.0142  -0.0249  -0.0605  -0.0041   0.1368   0.0184  -0.1043   0.0627    0.126  -0.0532   0.0342   0.0287    -0.05   0.0626   0.1098
 6 A   0.0885   0.0534   0.0466   0.0086   0.0823   0.0159   0.0281  -0.0397   0.0255   0.0212   0.0247   0.0242   0.0799   0.0446  -0.0323  -0.0128   0.0409  -0.0237  -0.0423   0.0193
 7 A   0.0492  -0.0922   0.0067  -0.0407   0.0556  -0.0514  -0.0027   0.0113    0.037  -0.0305    0.004   -0.114   0.0432   0.0531  -0.0222   0.0329   0.0156    0.032   0.0184   0.0421
 8 A  -0.1063   0.0014   0.0067  -0.1244  -0.0927   0.0107   0.0259   0.0133   0.0031  -0.0416   0.0403   0.0307   0.0314   0.1085   -0.076  -0.0007  -0.0386  -0.0564   0.0254  -0.0223
 9 A  -0.0176    0.446    0.024   0.0658  -0.4055  -0.0963   -0.086  -0.0027  -0.0154  -0.1646  -0.1051   0.3382  -0.0198   0.0151   0.0102   0.0491  -0.1128   0.0368   0.1225  -0.1671
