            A        R        N        D        C        Q        E        G        H        I        L        K        M        F        P        S        T        W        Y        V
 1 A   0.0545   0.0936  -0.0179  -0.0639   -0.053   0.0243  -0.0098   0.0068  -0.0097  -0.0211  -0.0308   0.0341   0.0753   0.0786  -0.0472  -0.0938  -0.0961  -0.0369    0.067  -0.0005
 2 A   0.0372  -0.0471  -0.1016  -0.1769   0.0065   0.2012   -0.083  -0.0739   0.0832   0.0347  -0.0848  -0.0195    0.062    0.242  -0.0156   0.0536   0.1097   0.1332   0.2839   0.0429
 3 A  -0.0456  -0.0672   0.0345  -0.0998    -0.09   0.1511    -0.03  -0.0355   0.1613   -0.015   0.0731   0.0847   0.0597   0.0277   0.1242  -0.0414  -0.0296   0.0106  -0.0612   0.0147
 4 A  -0.0481   0.0302   0.2206   0.0224   0.0652  -0.0956   0.0442    0.013   0.0889   0.0911   0.0551    0.051  -0.0014  -0.0568    0.062   0.0351  -0.0095  -0.0714  -0.0229   0.0556
 5 A   0.0349  -0.1217   0.1277   0.0608   0.0029   0.0288   0.1261   0.0337   0.0159   0.0936   0.0417   0.0083  -0.0469    0.101   0.1018  -0.0608   0.1004   0.0867  -0.0237   0.0293
 6 A  -0.0576  -0.0037   0.0175   -0.099   0.0917  -0.0522  -0.0445  -0.0518   0.1198   0.0616    0.164  -0.0295   0.0518   0.1611  -0.0118   0.0885   0.1526  -0.0131   0.0941   0.1509
 7 A   0.0045  -0.0839    0.023  -0.0177  -0.0339   0.0616   0.1636  -0.0378   0.0675  -0.0505  -0.0324  -0.0374    0.016   0.0065   0.0822  -0.0246   0.0071   0.1283    0.033   0.1082
 8 A   0.0818  -0.0292   0.0028  -0.0777  -0.0643   0.0783   0.0677  -0.0747   0.1057  -0.1674  -0.1346   0.0732  -0.0227   0.0172  -0.0138   0.0386    0.164  -0.0709   0.0767   0.0215
 9 A  -0.0047  -0.0606    0.024   0.0504   -0.088  -0.0358  -0.0355   0.0264   0.0385   0.0118   0.0562  -0.1307   0.0333   0.2301   -0.061  -0.0273   0.1044   0.3594  -0.0797  -0.1218
