            A        R        N        D        C        Q        E        G        H        I        L        K        M        F        P        S        T        W        Y        V
 1 A  -0.0496   0.0566  -0.0411  -0.0804   0.0054   0.0033  -0.0523  -0.0102   -0.019   0.0728  -0.0258   0.0526  -0.0095   -0.049  -0.0774  -0.0354  -0.0135   -0.026    0.011  -0.0273
 2 A   0.1589  -0.0021  -0.0687  -0.1556  -0.0393  -0.0217    0.004   0.0011   0.0028   0.0533   0.0562   0.0038   0.0683  -0.0018   0.0334   0.1614   0.1243   -0.008    0.003   0.0389
 3 A   0.0334  -0.0165   0.0499  -0.0512  -0.0815  -0.0186  -0.0724   0.0007  -0.0341   0.0632   0.0372  -0.0678   0.0188   0.0384  -0.0298   0.0543  -0.0266   0.0035    0.024   0.0305
 4 A   0.0351   0.0243  -0.0305  -0.0024  -0.0103   0.0394   0.0072    0.004   0.0074   0.0285  -0.0147   0.0101  -0.0109   0.0117   0.0376  -0.0028   0.0187   0.0086   0.0327   0.0628
 5 A   -0.001  -0.0143   0.0333   0.0133   0.0638   0.0365   0.0247   0.0074   0.0338   0.0262  -0.0035   0.0262   0.0205   0.0099   0.0004    0.051   0.0396   0.0047   0.0539   0.0417
 6 A   0.0152  -0.0074   0.0166   0.0353  -0.0094   0.0544  -0.0115   0.0385   0.0781   0.0123   0.0229   0.0169   0.0244     0.03   0.0935    0.036   0.0374   0.0094   0.0414  -0.0171
 7 A   0.0147  -0.0187  -0.0024  -0.0311  -0.0059   0.0061   0.0505  -0.0347   0.0207  -0.0113   0.0355  -0.0409   0.0321   0.0244   0.0214   0.0052   0.0069   0.0398   -0.006   0.0058
 8 A  -0.0225  -0.0251  -0.0072  -0.0233   0.0135  -0.0259   0.0329  -0.0146   0.0706  -0.0125  -0.0178  -0.0239  -0.0621  -0.0388  -0.0071  -0.0208  -0.0154  -0.0365   0.0114   0.0285
 9 A  -0.0081  -0.0344  -0.1926   0.0009  -0.0081  -0.0136  -0.0613  -0.0769   0.0233   0.0367   0.0165  -0.0561    0.026   0.1029  -0.0589  -0.0115  -0.0961   0.3613   0.0579   0.0065
