            A        R        N        D        C        Q        E        G        H        I        L        K        M        F        P        S        T        W        Y        V
 1 A   0.0014   0.0101  -0.0476   -0.183  -0.0912  -0.0431  -0.1359   0.0032  -0.0174   0.0246    0.018   0.0502   0.1158   0.1308  -0.1655  -0.0078  -0.0509  -0.0153    0.144  -0.0002
 2 A   0.0148  -0.0255  -0.1168  -0.0397  -0.1916   0.0963  -0.0022   -0.068  -0.0581   0.1529   0.2795   0.0608   0.2618  -0.0054  -0.0458   0.0266   0.0332   0.0204   0.0089   0.0535
 3 A   0.0302  -0.0999   0.0083    0.035  -0.0801  -0.0413  -0.1061  -0.0422  -0.0534   0.0768    0.057  -0.1252   0.1403   0.0827  -0.0367   0.0363  -0.0366   0.0705   0.0877   0.0085
 4 A   0.0198  -0.0481  -0.0001   0.0868   0.0512   0.0027   0.0641   0.0295   0.0088  -0.0036  -0.0238  -0.0055   0.0119  -0.0013   0.0181  -0.0005   0.0268   0.0481   0.0562  -0.0269
 5 A   0.0038  -0.0094  -0.0021   0.0468   0.0623  -0.0488   0.0106   0.0167   0.0183   0.0707   0.0176  -0.0132   0.0094    0.088   -0.039   0.0161  -0.0092   0.1258   0.1218   0.0386
 6 A  -0.0242  -0.0578   0.0611  -0.0366   0.0501   0.0112   0.0018  -0.0165   0.0315   0.1262   0.0813   -0.065   0.0651   0.0865   0.0131   0.0492   0.0763  -0.0071   0.0531   0.0735
 7 A  -0.0012  -0.1029  -0.0306  -0.0325  -0.0147  -0.0072  -0.0033  -0.0668   0.0307   0.0619   0.0234  -0.1246   0.0444   0.1346   0.0362  -0.0128   0.0261   0.0975   0.0871   0.0232
 8 A  -0.0205  -0.0241  -0.0201  -0.0974   0.0117  -0.0054   0.0091   0.0009  -0.0928  -0.0193   0.0199  -0.0459  -0.0363   0.0628   0.0408   0.0137   0.0079   0.0582   0.0613  -0.0644
 9 A   0.1032  -0.0745  -0.1399  -0.0206  -0.1937  -0.0042   0.0371  -0.0464   0.0324   0.1632   0.1618  -0.0598   0.0524  -0.0397  -0.0073  -0.0574      0.0  -0.0658  -0.0305   0.2491
