            A        R        N        D        C        Q        E        G        H        I        L        K        M        F        P        S        T        W        Y        V
 1 A   0.0374   0.1243  -0.1837  -0.1813  -0.0706  -0.0095  -0.0627   0.1186  -0.0389   0.0078  -0.0162   0.0858  -0.0591  -0.0218  -0.1867   0.0801  -0.0165   0.0744   0.0396  -0.0604
 2 A   0.0601   0.0782   0.0167    0.029   0.0311   0.0322    0.261   0.0084   0.0122   0.0193  -0.0803   0.0197   0.0298   0.0066    0.008   0.0196  -0.0319   0.0294  -0.1803   0.0275
 3 A   0.0482   0.0496   0.0163  -0.1269  -0.0794  -0.0104   0.0817  -0.0444  -0.0424   0.0189   -0.005   0.0713  -0.0577    0.024  -0.0902  -0.0044   0.1048  -0.0707   0.0024   0.0471
 4 A   0.0658  -0.0172   0.0234   0.0116    -0.09  -0.0464  -0.0011    0.003   0.0889  -0.0511   0.0321   0.0424  -0.0721   0.0615   0.1376  -0.0669  -0.0265   0.0273   0.0502   0.0634
 5 A   0.1158   0.0706  -0.0478  -0.1302   -0.046   0.0792  -0.0327   0.0775  -0.0143  -0.0292  -0.0276    0.008    -0.01    0.084   0.0327   0.0323   0.0065   0.0286    0.313   -0.062
 6 A  -0.0154   0.0054  -0.0029  -0.0833   0.0817   0.1472   0.0014   0.0521   0.0382   0.0563  -0.0009   0.0482   0.0041   0.0119  -0.0297   0.0511   0.0275   0.0846   0.0115   0.0093
 7 A  -0.1158  -0.0728  -0.0157  -0.1191    0.196   0.0078   0.0106   0.0653  -0.0752   0.0502   0.0473  -0.0412   0.0122   0.0347    0.153  -0.0427   0.0185   0.0496   -0.024  -0.0489
 8 A  -0.0268  -0.0727   -0.036   -0.018  -0.0911  -0.1653     0.03   0.0073  -0.0035  -0.0329   0.0211   0.0095  -0.0399    0.026   0.0701   0.0488   0.0434   0.0163   0.0602  -0.0677
 9 A  -0.0129  -0.1618  -0.1635   0.0658  -0.1629  -0.0343  -0.1705   0.0222   0.0213  -0.0201    0.166  -0.1543   0.1738   0.1892    -0.13   0.0491   0.1764  -0.0778   0.0673   0.1528
