            A        R        N        D        C        Q        E        G        H        I        L        K        M        F        P        S        T        W        Y        V
 1 A   0.0526    0.064   0.0661   -0.109  -0.0706   0.0322  -0.0627   0.0305  -0.0277   0.0078  -0.0162   0.1063  -0.0591  -0.1305  -0.1765   0.0179   0.1072   0.0479   0.0199  -0.1737
 2 A   0.0601   0.0074  -0.0023   0.0018   0.0007   0.0789   0.2241  -0.0035  -0.0009  -0.0088  -0.0025  -0.0158   0.0015  -0.0009  -0.0035  -0.0032  -0.0062   0.0669  -0.0219   0.0009
 3 A   0.0594   0.0496   0.0739  -0.0581  -0.0794  -0.0104   0.0817  -0.0413  -0.0424   -0.049  -0.1061   -0.096  -0.0577   0.0312  -0.0079   0.0477    0.081  -0.0707   0.0518   0.1294
 4 A  -0.0536  -0.0172   0.1216  -0.0746    -0.09  -0.0916  -0.0317   0.0597   0.0889   0.0309   0.1491   0.1026  -0.0721     0.13  -0.0388  -0.0669   0.0584   0.0303   0.0502  -0.0324
 5 A   0.0654   0.0207   0.0045   0.0847   -0.046    0.037   0.0114   0.1247   0.0207  -0.0745  -0.0324   0.0627    -0.01   0.0349   0.0611   0.0276   0.0373  -0.0072   0.1715  -0.0621
 6 A  -0.1007   0.0054    0.094   0.0885   0.0481   0.0917   -0.075   0.0211   0.0399   0.2085  -0.0993   0.0193   0.0452  -0.0162   0.0057   0.0511   0.1218   0.0846    0.061  -0.0795
 7 A  -0.1515  -0.0374   0.0269  -0.0836   0.1397   0.0078   0.0106   0.0684  -0.0752   0.0091   0.1498  -0.0574   0.0122  -0.0023   0.1579    0.002  -0.0446   0.0909  -0.0384   0.0011
 8 A  -0.0192  -0.0727  -0.0856  -0.0147  -0.0911   0.1194  -0.0076   0.0016   0.0442  -0.1153  -0.0073  -0.0848  -0.0852   0.0333    0.029   0.0488   0.1398   0.0163   0.0853   -0.054
 9 A   0.0056   -0.085  -0.0428   -0.123  -0.1115   0.0262  -0.1264  -0.0089   0.0213   0.1631   0.0052  -0.1171   0.2045   0.1538   0.0102  -0.0832   0.0338   0.1178   0.0966  -0.1028
