            A        R        N        D        C        Q        E        G        H        I        L        K        M        F        P        S        T        W        Y        V
 1 A  -0.0338   0.0033   0.0041  -0.0087  -0.0441   0.0317   -0.004  -0.0393  -0.0267   0.0046  -0.0023  -0.0144   -0.003   0.0202  -0.0435  -0.0248  -0.0158  -0.0215    0.019  -0.0342
 2 A   0.0677   0.0072   0.0555   0.0041  -0.0057   0.0085  -0.0067   0.1181   0.0117   0.0169    0.026  -0.0012   0.0327   0.0427   0.0379   0.0209   0.0264   0.0131   0.0015    0.013
 3 A   0.0395   0.0588  -0.0215  -0.0051  -0.0361   0.0297  -0.0255  -0.0242  -0.0121   0.0328   0.0169   0.0474  -0.0119   0.0083  -0.0086  -0.0058  -0.0124  -0.0225   -0.006  -0.0079
 4 A   0.0164   0.0728   0.0287   0.0287   0.0068  -0.0065  -0.0145   0.0081   0.0571   -0.028   0.0159   0.0337  -0.0154   0.0377   0.0301  -0.0045   0.0109   0.0321   0.0198   0.0041
 5 A   0.0276   0.0419   0.0251   0.0594   0.0467   0.0506    0.022   0.0154   0.0032    0.009   0.0287   0.0016   0.0514   0.0431  -0.0014  -0.0059   0.0357   0.0254   0.0296   0.0342
 6 A  -0.0014   0.0509   0.0247    0.014  -0.0159   0.0268   0.0398  -0.0033   0.0237   0.0241   0.0583   0.0713   0.0503   0.0629   0.0195   0.0131   0.0412   0.0394   0.0215   0.0304
 7 A   0.0325  -0.0151   0.0331  -0.0308   0.0267   0.0174   0.0439   0.0016  -0.0177  -0.0144  -0.0013    0.016   0.0212   0.0313   -0.009   0.0051  -0.0065   0.0238   0.0033   0.0283
 8 A   0.0488  -0.0444  -0.0016    -0.04  -0.0245   0.0086   0.0105  -0.0184  -0.0882    0.004    0.001  -0.0288   0.0168  -0.0074   0.0111  -0.0075   0.0087  -0.0313    0.007    0.058
 9 A   0.0329  -0.0166  -0.1706  -0.0173  -0.0069   0.0222   0.0055  -0.0485   0.0544   0.0055   0.0634   -0.005   0.1128   0.0326  -0.0117  -0.0226  -0.0071   0.0047    0.012   0.0527
