            A        R        N        D        C        Q        E        G        H        I        L        K        M        F        P        S        T        W        Y        V
 1 A   0.0309   0.1342   -0.207  -0.2045  -0.0706   0.0041  -0.0627   0.1165  -0.0336   0.0078  -0.0162   0.0841  -0.0591  -0.0375  -0.2078    0.079  -0.0165    0.108   0.0578  -0.0604
 2 A   0.0601   0.0824    0.017   0.0214   0.0188   0.0211   0.2637   0.0181    0.016   0.0168  -0.0803   0.0195   0.0174   0.0066   0.0135   0.0186   -0.015   0.0177   -0.168   0.0169
 3 A   0.0108   0.0496   0.0108  -0.1502  -0.0794  -0.0104   0.0817  -0.0442  -0.0424   0.0506   0.0204   0.0717  -0.0577   0.0409  -0.1152  -0.0069   0.1089  -0.0707   0.0066   0.0438
 4 A   0.1055  -0.0172   0.0276   0.0229    -0.09  -0.0597   0.0022    0.003   0.0889   -0.053   0.0268   0.0417  -0.0721   0.0615   0.1317  -0.0669  -0.0578   0.0261   0.0502   0.0507
 5 A   0.1206     0.07  -0.0834  -0.1804   -0.046   0.0792  -0.0273   0.0817  -0.0218  -0.0425  -0.0387  -0.0058    -0.01   0.0884   0.0415   0.0299   0.0119   0.0318   0.3958  -0.0605
 6 A  -0.0336   0.0054  -0.0208  -0.0975   0.0817   0.1828   0.0189   0.0553   0.0382   0.0562  -0.0138   0.0521  -0.0163   0.0053  -0.0154   0.0511   0.0278   0.0846   0.0116   0.0108
 7 A  -0.1389  -0.0754  -0.0006  -0.1361   0.1984   0.0078   0.0106   0.0655  -0.0752   0.0737   0.0257  -0.0661   0.0122   0.0641   0.1518  -0.0461   0.0263   0.0632  -0.0278  -0.0573
 8 A  -0.0445  -0.0727  -0.0154  -0.0192  -0.0911  -0.1664   0.0276  -0.0061   0.0007  -0.0326   0.0208   0.0218  -0.0532    0.017   0.0668   0.0488   0.0483   0.0163   0.0634  -0.0654
 9 A  -0.0081   -0.175  -0.1769   0.0658  -0.1734  -0.0199  -0.1797   0.0303   0.0213  -0.0168   0.1702  -0.1738   0.2146   0.1522   -0.144   0.0491   0.1973  -0.0652   0.0716   0.1422
