            A        R        N        D        C        Q        E        G        H        I        L        K        M        F        P        S        T        W        Y        V
 1 A  -0.0903  -0.0941  -0.1223  -0.1699  -0.1606  -0.1102    0.094  -0.1623  -0.1144   0.1889   0.0504   0.2011  -0.0338   0.0674  -0.0257   0.1068   0.0016   0.0117   0.2033   0.0551
 2 A   0.0733   0.0838  -0.0373   0.0385   0.1001   0.0039   -0.083  -0.1197   -0.137  -0.0025  -0.0525  -0.0158   0.1638   0.1051   0.0384  -0.0607   0.0732   0.0982    0.304   0.0534
 3 A   0.2078  -0.1052  -0.0395  -0.1105  -0.0863    0.022   -0.137  -0.1126   0.0479   0.1458   0.1179   0.0399   0.1081  -0.0596    0.021   0.0304  -0.0255    0.113   0.0159  -0.0252
 4 A  -0.0465   0.0296   0.0375  -0.0656   0.0623   -0.034  -0.0772   0.0211  -0.0023   0.0213   0.0376  -0.0035  -0.0741     0.01   0.0314   0.0705   0.1858  -0.0215   0.2186   0.0707
 5 A   0.0499   0.0144   0.0059   0.0543   0.1276  -0.0154   -0.149  -0.0284   0.1682   0.0872   0.0773  -0.0066   0.0619  -0.0439    -0.11  -0.0191    0.058   0.1816   0.0405   0.1297
 6 A   0.0129    0.058  -0.0559  -0.1355  -0.1025   0.0006  -0.0193  -0.0271   0.0683  -0.0571   0.0467  -0.1715   0.1505   0.1576   0.1223   0.0966   0.1317   0.0846   0.2445    0.128
 7 A   0.0496  -0.0363   0.0855   -0.005  -0.0661   0.1177  -0.0292   0.0018   0.0808  -0.0077   0.1207  -0.1158  -0.1855    0.094   0.1206   0.0261    0.035  -0.0463     0.09   -0.005
 8 A  -0.0892   0.0811   0.0628   -0.036  -0.0102  -0.0811   0.0609  -0.0675   0.0955   -0.162   0.1014  -0.1131  -0.0018   0.0016  -0.0084  -0.0255   0.0762   0.0775  -0.0009   0.0538
 9 A  -0.0853   0.0107    0.024   0.0658  -0.0686  -0.0963   -0.086  -0.0027   0.0213   0.1564   0.0406   0.0947  -0.1832   0.2249   0.0102   0.0491   0.0338    0.134  -0.1802   0.0657
