            A        R        N        D        C        Q        E        G        H        I        L        K        M        F        P        S        T        W        Y        V
 1 A  -0.0262   0.0864  -0.0373  -0.0499  -0.0586  -0.0674  -0.0349   -0.018   0.0032  -0.0258  -0.0218  -0.0068  -0.0192  -0.0259  -0.0228   0.0341   -0.033   0.0259   0.0451   0.0009
 2 A   0.0144   0.2401  -0.0415  -0.0901  -0.0178   0.1202  -0.0078  -0.0217   0.0408  -0.0019   0.0131   0.1181   0.0806   -0.034  -0.0062   0.0316   0.0096   0.0078  -0.0385  -0.0027
 3 A   0.0398  -0.0019  -0.0235  -0.0166  -0.0333   0.0176   0.0043  -0.0275  -0.0103   0.0144   0.0204  -0.0044  -0.0063   0.0214  -0.0303  -0.0071  -0.0417   0.0104   0.0814   0.0011
 4 A  -0.0006   0.0118   0.0249  -0.0097   0.0255  -0.0008   0.0016   0.0484  -0.0405   0.0243   0.0264   0.0125   0.0252   0.0443   0.0052   0.0387   -0.001   0.0303   0.0217  -0.0011
 5 A   0.0458   0.0023   0.0267   0.0292  -0.0005   0.0211   -0.017   0.0241   0.0623    0.034    0.031   0.0403   0.0326   0.0207   0.0309    0.013    0.021   0.0447   0.0129   0.0092
 6 A   0.0393   0.0375    0.053  -0.0078   0.0197    0.008   0.0358   0.0194   0.0518   0.0422   0.0361   0.0301   0.0047   0.0286   0.0085   0.0363   0.0216   0.0155   -0.002   0.0488
 7 A   0.0335   0.0409  -0.0014  -0.0311  -0.0342   0.0082  -0.0135   0.0015   0.0082   0.0222   0.0268   0.0372  -0.0258   0.0073  -0.0099   0.0118  -0.0318   0.0295   0.0741  -0.0019
 8 A  -0.0067  -0.0295  -0.0205  -0.0347   0.0193   -0.012  -0.0329   0.0155   0.0006   -0.036   0.0267   0.0252  -0.0362  -0.0166   0.0249   0.0379   0.0125  -0.0251  -0.0597    0.011
 9 A   -0.015   0.0476  -0.0637  -0.0061    -0.03   0.0104   0.0228  -0.0347   0.0329  -0.0193   0.0074   0.0907   -0.018   0.0378  -0.0011  -0.0211   0.0168   -0.024   0.0168  -0.0029
