            A        R        N        D        C        Q        E        G        H        I        L        K        M        F        P        S        T        W        Y        V
 1 A   0.0045   0.0486  -0.0672  -0.1007  -0.0371  -0.0757  -0.0357      0.0   0.0096   0.0461   0.0239   0.0258    0.017   0.0052  -0.0778  -0.0003  -0.0449   0.0161   0.0122  -0.0132
 2 A   0.0608  -0.0035   -0.031   -0.014   0.0008   0.0155  -0.0051   0.0167  -0.0273   0.0303    0.003  -0.0248   0.0167  -0.0075    0.371   0.0054   0.0056   0.0637  -0.0156    0.028
 3 A   0.0419   0.1129  -0.0096   0.0046   0.0555  -0.0463  -0.0279  -0.0268  -0.0012   -0.016  -0.0434  -0.0177   0.0069  -0.0245  -0.0039   0.0153  -0.0348  -0.0079   0.0133   0.0383
 4 A   0.0152    0.013  -0.0146   0.0085  -0.0155   0.0392  -0.0005   0.0021   0.0516  -0.0389   0.0415   0.0586   0.0159   0.0057   0.0003   0.0101   0.0407   0.0565   0.0341   0.0074
 5 A    0.021   0.0974   0.0539   -0.011   0.0182  -0.0222   0.0113   0.0218   0.0149   0.0023   0.0115    0.056     0.07   0.0348   0.0417    0.054   0.0079   0.0025   0.0309   0.0263
 6 A  -0.0092   0.0987   0.0368   0.0225   0.0018   0.0268   0.0036    0.051   0.0396  -0.0015   0.0113   0.0394   0.0464   0.0163   0.0542   0.0041   0.0855   0.0384  -0.0131   0.0404
 7 A   0.0416   0.0351   0.0083  -0.0578   0.0009  -0.0034  -0.0409   0.0263   0.0118   0.0227   0.0264  -0.0241   0.0307   0.0255  -0.0116   0.0118   0.0429   0.0184   0.0006   0.0199
 8 A   0.0612  -0.0106  -0.0634  -0.0139  -0.0666    0.002  -0.0073  -0.0217  -0.0278    0.041  -0.0058   -0.019   -0.005  -0.0074   0.0333   0.0477  -0.0069  -0.0079  -0.0516   0.0043
 9 A  -0.0073  -0.0497  -0.0713   0.0666   -0.023  -0.0143   0.0037  -0.0115   0.0671   0.0258   0.0888  -0.0253   0.1686   0.0548  -0.0173  -0.0674  -0.0416   -0.009  -0.0428   -0.004
