            A        R        N        D        C        Q        E        G        H        I        L        K        M        F        P        S        T        W        Y        V
 1 A  -0.0058  -0.0213  -0.0065  -0.0412   0.0256  -0.0422  -0.0013  -0.0357  -0.0257  -0.0424  -0.0004  -0.0646   0.0144  -0.0135  -0.0353  -0.0093  -0.0208  -0.0133   0.0404  -0.0383
 2 A   0.0838    0.022  -0.0905  -0.0879  -0.0048  -0.0169  -0.0143  -0.0369  -0.0086   0.0816   0.0576  -0.0515   0.0552  -0.0275   0.0266   0.1445   0.1536   0.0273   0.0226   0.0601
 3 A    0.034  -0.0047   0.0234   0.1121   0.0265  -0.0145   0.0245  -0.0421  -0.0392  -0.0163  -0.0285  -0.0596   0.0109  -0.0249  -0.0177   0.0357  -0.0439   0.0004  -0.0026  -0.0392
 4 A  -0.0084   0.0206   0.0005    0.023   0.0337   0.0327  -0.0082   0.0199   0.0174  -0.0167  -0.0034   0.0212   0.0192  -0.0142      0.0   0.0131   0.0516  -0.0002   0.0149   0.0204
 5 A   0.0475   0.0309   0.0137  -0.0031  -0.0181   0.0499   0.0019   0.0146   0.0279   0.0193   0.0253   0.0039  -0.0042   0.0911   0.0168   0.0095   0.0095   0.0318   0.0629    0.018
 6 A   0.0187   0.0338   0.0513   0.0517   -0.017   -0.004   0.0034   0.0379   0.0265   0.0317  -0.0072  -0.0244   0.0581   0.0643   0.0179   0.0168   0.0447   0.0387   0.0234    0.033
 7 A   0.0346  -0.0064  -0.0172   0.0092  -0.0962   0.0075   0.0048   0.0175   0.0259  -0.0091   0.0116   -0.022   0.0195   0.0292  -0.0014   0.0059   0.0237   0.0592  -0.0071   0.0018
 8 A   0.0053  -0.0345  -0.0544  -0.0282   0.0023  -0.0696   0.0048  -0.0247  -0.0123   0.0258    0.052  -0.0301   0.0071  -0.0115  -0.0163  -0.0084  -0.0045  -0.0382   0.0143   0.0018
 9 A  -0.0005  -0.0122    0.024   0.0487  -0.0048  -0.1191  -0.0766  -0.0635   0.0272  -0.0063   0.0025  -0.0094   0.0083   0.0127   0.0119  -0.0188  -0.0082    0.017    0.158   0.0046
