            A        R        N        D        C        Q        E        G        H        I        L        K        M        F        P        S        T        W        Y        V
 1 A   0.0568   0.0582  -0.0069  -0.0354  -0.0706  -0.0053  -0.0627   0.0455  -0.0511   0.0078  -0.0162   0.0762  -0.0591  -0.0823   -0.158   0.0508   0.0654   0.0429  -0.0273  -0.1334
 2 A   0.0601   0.0363  -0.0105   0.0171   0.0275   0.0789   0.2369  -0.0271  -0.0178   0.0184  -0.0261  -0.0158   0.0377   0.0056   0.0034   -0.024  -0.0061   0.0669  -0.0765   0.0227
 3 A   0.1167   0.0496   0.0623  -0.0436  -0.0794  -0.0104   0.0817  -0.0413  -0.0424  -0.0289  -0.1012  -0.0407  -0.0577   0.0291  -0.0242   0.0217   0.0279  -0.0707   0.0265   0.0918
 4 A  -0.0595  -0.0172   0.0796  -0.0248    -0.09   -0.044  -0.0088   0.0445   0.0889   0.0264   0.1376   0.0741  -0.0721   0.0962  -0.0134  -0.0669   0.0581   0.0135   0.0502  -0.0136
 5 A   0.0713   0.0271   0.0215   0.0615   -0.046   0.0759  -0.0197   0.0859   0.0471  -0.0269   -0.057   0.0589    -0.01   0.0252   0.0677   0.0169   0.0352  -0.0128   0.0839  -0.0187
 6 A  -0.0583   0.0054    0.081   0.0569   0.0563   0.0626  -0.0975   0.0442   0.0537   0.1528  -0.0644  -0.0115   0.0499  -0.0014   -0.035   0.0511   0.1085   0.0846    0.088  -0.0812
 7 A  -0.1144  -0.0531  -0.0472   -0.076   0.1357   0.0078   0.0106   0.0684  -0.0752   0.0054   0.0939    0.006   0.0122   -0.024   0.1455  -0.0116  -0.0385   0.0537  -0.0282   0.0593
 8 A  -0.0126  -0.0727  -0.0723  -0.0317  -0.0911    0.041  -0.0106   0.0061    0.005  -0.0903   0.0092   -0.032  -0.0376   0.0248  -0.0151   0.0488   0.0741   0.0163   0.0937  -0.0352
 9 A  -0.0214  -0.0647  -0.0243  -0.0526  -0.1027  -0.0212  -0.1146  -0.0109   0.0213   0.0742   0.0193  -0.0542   0.1433    0.152   0.0102  -0.0411   0.0338   0.0424    0.095  -0.0588
