            A        R        N        D        C        Q        E        G        H        I        L        K        M        F        P        S        T        W        Y        V
 1 A   0.0103  -0.0152  -0.0013  -0.0493   0.0128  -0.0431   0.0056  -0.0512  -0.0441  -0.0356  -0.0025  -0.0713    0.017  -0.0058  -0.0349  -0.0065  -0.0378   0.0145   0.0454  -0.0454
 2 A   0.0933    0.035  -0.1033  -0.0913  -0.0101  -0.0289  -0.0199  -0.0595  -0.0187   0.0905   0.0512  -0.0563   0.0447  -0.0293   0.0246   0.1286    0.145   0.0591   0.0359   0.0624
 3 A   0.0235  -0.0023   0.0447   0.0955   0.0224  -0.0285   0.0011  -0.0488   -0.035   -0.005  -0.0273  -0.0437   0.0018  -0.0288  -0.0012   0.0289  -0.0311  -0.0213   0.0046  -0.0309
 4 A  -0.0113   0.0231  -0.0001   0.0256   0.0246   0.0289   0.0009   0.0256   0.0159  -0.0183  -0.0023   0.0098   0.0161  -0.0318   0.0094   0.0251   0.0692  -0.0184   0.0013   0.0253
 5 A   0.0374   0.0166   0.0114   0.0021  -0.0209   0.0395    0.016   0.0128   0.0382   0.0045    0.038   0.0076  -0.0012   0.0974   0.0057   0.0058   0.0325   0.0166   0.0542   0.0084
 6 A   0.0192   0.0277   0.0324    0.055  -0.0173  -0.0132   0.0268   0.0439    0.041   0.0307   0.0038  -0.0299    0.042   0.0534  -0.0041   0.0246   0.0478   0.0525  -0.0001   0.0352
 7 A   0.0543    0.008  -0.0291   0.0072  -0.0981  -0.0108  -0.0167   0.0203   0.0275  -0.0061   0.0064  -0.0311   0.0085   0.0349   0.0188   0.0118   0.0219   0.0585  -0.0181   0.0057
 8 A   0.0062  -0.0445  -0.0762  -0.0256  -0.0085  -0.0723  -0.0052  -0.0149  -0.0083   0.0261   0.0259  -0.0241   0.0189  -0.0334  -0.0146  -0.0022   0.0096  -0.0353   0.0506   0.0014
 9 A   -0.001  -0.0166    0.024   0.0384   0.0026  -0.1251  -0.0565  -0.0712   0.0217  -0.0033   0.0127  -0.0252   0.0137  -0.0029   0.0078  -0.0117  -0.0069   0.0297   0.1168   0.0118
