            A        R        N        D        C        Q        E        G        H        I        L        K        M        F        P        S        T        W        Y        V
 1 A  -0.0056   -0.021  -0.0063  -0.0409   0.0259   -0.042   -0.001  -0.0354  -0.0254  -0.0421  -0.0002  -0.0643   0.0146  -0.0132   -0.035   -0.009  -0.0205  -0.0131   0.0407   -0.038
 2 A   0.0835   0.0218  -0.0907  -0.0881   -0.005  -0.0172  -0.0146  -0.0371  -0.0089   0.0813   0.0573  -0.0517   0.0549  -0.0278   0.0263   0.1442   0.1533   0.0271   0.0224   0.0598
 3 A   0.0341  -0.0047   0.0235   0.1121   0.0265  -0.0144   0.0246   -0.042  -0.0391  -0.0162  -0.0284  -0.0595   0.0109  -0.0248  -0.0176   0.0358  -0.0438   0.0004  -0.0026  -0.0391
 4 A  -0.0083   0.0207   0.0006    0.023   0.0337   0.0328  -0.0081   0.0199   0.0175  -0.0166  -0.0033   0.0212   0.0193  -0.0141   0.0001   0.0131   0.0517  -0.0001   0.0149   0.0205
 5 A   0.0474   0.0309   0.0136  -0.0032  -0.0181   0.0498   0.0018   0.0145   0.0278   0.0192   0.0253   0.0039  -0.0043    0.091   0.0168   0.0095   0.0094   0.0318   0.0629   0.0179
 6 A   0.0186   0.0337   0.0512   0.0516  -0.0171  -0.0041   0.0033   0.0378   0.0264   0.0316  -0.0073  -0.0245    0.058   0.0642   0.0178   0.0168   0.0446   0.0386   0.0233   0.0329
 7 A   0.0347  -0.0063  -0.0171   0.0092  -0.0962   0.0076   0.0049   0.0176   0.0259   -0.009   0.0117  -0.0219   0.0195   0.0292  -0.0013   0.0059   0.0238   0.0592   -0.007   0.0019
 8 A   0.0055  -0.0343  -0.0542   -0.028   0.0025  -0.0693    0.005  -0.0245  -0.0121    0.026   0.0522  -0.0299   0.0073  -0.0113  -0.0161  -0.0082  -0.0043   -0.038   0.0145    0.002
 9 A  -0.0007  -0.0124    0.024   0.0485   -0.005  -0.1192  -0.0768  -0.0636    0.027  -0.0065   0.0023  -0.0096   0.0081   0.0124   0.0117  -0.0189  -0.0084   0.0167   0.1577   0.0044
