            A        R        N        D        C        Q        E        G        H        I        L        K        M        F        P        S        T        W        Y        V
 1 A   0.0498   0.1131  -0.0552  -0.0602  -0.0539  -0.0809  -0.0347   0.0068   0.0015  -0.0338    0.066   0.0867   0.0341  -0.0858   -0.049   0.0095  -0.0215  -0.0242   -0.003   0.0053
 2 A   0.0035  -0.0249   0.0191  -0.0244   0.0753   0.0135  -0.0073    0.004   0.0048   0.0333   0.0919  -0.0478   0.0836   0.0651  -0.0708   0.0889   0.0668   0.1453   0.0089    0.061
 3 A  -0.0796   0.1711   0.0866   -0.017  -0.1861   0.0156  -0.0468  -0.0335   0.1664   0.0028  -0.0057   0.0838   0.0951   0.0557  -0.0225  -0.0376  -0.1004  -0.0091   0.0215  -0.0192
 4 A   0.0871   0.0457  -0.0389  -0.0281   0.2198   0.0607  -0.0208   -0.025   0.0704  -0.0596   0.0201   0.0533   0.1723  -0.0167   0.0208   -0.025  -0.0163  -0.0016  -0.0501  -0.0227
 5 A   0.0296   0.0605   0.0258  -0.0259  -0.0352   0.0295  -0.0133   0.0293   0.0155   0.0164   0.0162   0.0424    0.091   0.0803   0.0175   0.0575   0.0102   0.0571   0.0639   0.0743
 6 A   0.0135   0.1207  -0.0411  -0.0302   0.0153   -0.004  -0.0378    0.047   0.0962   0.0308  -0.0204   0.0045   0.0866   0.0353   0.0499   0.0251    0.102   0.0528   0.0945   0.0502
 7 A  -0.0197   0.0606   0.0651  -0.0539    0.029   0.0119  -0.0206   0.0338   0.0465   0.0795   0.0128  -0.0219   0.0508   0.0193   0.0478    0.001  -0.0505  -0.0511   0.0033    0.049
 8 A   0.0339  -0.0528   0.0026  -0.0698   0.0511  -0.0647  -0.0472  -0.0096   0.0623    0.005  -0.0032   0.0004  -0.0307   0.0227   0.1826  -0.0313  -0.0323  -0.0489   0.0308  -0.0074
 9 A   0.0832    0.031    0.024    0.022  -0.0874   -0.065   0.0053   0.0056   -0.143   -0.005   0.0152   0.2825  -0.0652  -0.0151   0.0292  -0.0008   0.0068  -0.0749   0.0838   0.0493
