            A        R        N        D        C        Q        E        G        H        I        L        K        M        F        P        S        T        W        Y        V
 1 A   0.0158   0.1052  -0.1463  -0.1032    0.031  -0.0642  -0.0671    0.001   0.0306  -0.0416  -0.0444   0.1826   0.0603  -0.0341  -0.1133   0.0829   0.0817   0.0019  -0.0719  -0.0002
 2 A   0.0486  -0.1203    0.057  -0.1159   -0.072   0.0319  -0.0426   0.0425  -0.0104   0.0316   0.0818  -0.0225   0.2437   0.1754  -0.0322   0.1279   0.1637   -0.145   0.1651   0.0137
 3 A   -0.019  -0.0375   0.0947  -0.1028   0.0974  -0.0731  -0.1318  -0.0748   0.0784  -0.0183   0.0489   0.0495   0.0954   0.0404  -0.0106  -0.0128   0.0521   0.1524   0.0594   -0.107
 4 A   0.0335   0.0719   0.0126    0.063   0.0977  -0.0743  -0.0211  -0.0665   0.0042   0.0885   0.0082   0.0324   0.0455   0.0682  -0.0141    0.022   0.0021   0.0704   0.0376  -0.0035
 5 A   0.0215   0.0504  -0.0208  -0.0044   0.0884   0.0209  -0.1079    0.039   0.1302   0.0734   0.1031  -0.0244   0.0543   0.1075  -0.0154  -0.0019   0.0378   0.0693   0.0682  -0.0026
 6 A  -0.0698   0.0554    0.031  -0.0401   0.0376   0.0164   -0.098   0.0666   0.0635   0.0429   0.0675   0.0972   0.0937   0.0585   0.0715   0.0458   0.0085   0.0538   0.1484  -0.0154
 7 A   0.0171   0.0372  -0.0417  -0.0143   0.0508  -0.0226  -0.0354  -0.0214   0.0158   0.0251   0.0055  -0.0361   0.0089   0.1896  -0.0613   0.0263   0.0487   0.0334   0.1404  -0.0323
 8 A    0.017    0.048   0.0575  -0.1329    -0.05  -0.0227  -0.0337  -0.0256  -0.0013   0.0392   0.0442  -0.0272  -0.0658   0.0687   0.0083  -0.0666   0.0877   0.0194   0.0972  -0.0354
 9 A  -0.0352    0.379  -0.1592    0.004  -0.1262  -0.0552   0.0354  -0.0732   0.0442  -0.0543   0.0391   0.1528   0.0371   0.0573  -0.0505  -0.0011  -0.0473  -0.0222   0.0599   0.0249
