            A        R        N        D        C        Q        E        G        H        I        L        K        M        F        P        S        T        W        Y        V
 1 A  -0.0166   0.0441     -0.1  -0.0395  -0.0706  -0.0815  -0.0627  -0.0309  -0.0206   0.0078  -0.0162   0.1296  -0.0591   0.0225  -0.0945  -0.0013  -0.0165   0.0117  -0.0724  -0.0553
 2 A   0.0445   0.0048  -0.0432  -0.1221   0.0432  -0.0741  -0.1274   0.0212  -0.1133  -0.0118  -0.0803  -0.0168   0.0647  -0.0703  -0.0959   0.2732   0.2505   0.0669  -0.0227  -0.0091
 3 A  -0.0069   0.0138   0.0018  -0.2812  -0.0794  -0.0104   0.0817   0.0145  -0.0424   0.0257  -0.0961   0.1139  -0.0577   0.1051  -0.0017  -0.0893   0.0148  -0.0707   0.0204     0.04
 4 A  -0.0795  -0.0172   0.0389  -0.0992    -0.09   0.0619  -0.0343    0.003   0.0889   0.0199   0.0807   0.0155  -0.0721   0.0615    0.078  -0.0669   0.0855  -0.0304   0.0502  -0.0485
 5 A   0.0767   0.0247   0.0502  -0.0302   -0.046   0.0792  -0.0108   0.0045   0.1299  -0.0424  -0.0771  -0.1375    -0.01   0.0157  -0.0184  -0.0526   0.0807   0.0147  -0.0424    0.079
 6 A  -0.0998   0.0054   0.0772  -0.0285   0.0817   0.0247  -0.0968   0.0859   0.0382   0.0995  -0.0655  -0.1445   0.0865   0.0412  -0.0339  -0.0013   0.0508   0.0846   0.0423   0.0426
 7 A   -0.096  -0.1264  -0.0943  -0.0508    0.072   0.0078  -0.0558   0.0684   0.0246  -0.0442   0.0474  -0.0728   0.0122  -0.0963   0.0601  -0.1027   0.1149  -0.0224   0.0727   0.0509
 8 A   0.0073  -0.0727   -0.088  -0.0757  -0.0911  -0.0785  -0.0549   0.0443   0.0119  -0.0405  -0.0856   0.0935   0.0136  -0.0593  -0.0495   0.0488    -0.11   0.0163    0.094  -0.0229
 9 A   -0.052  -0.0012  -0.1384  -0.0811  -0.1205  -0.0721  -0.1917   -0.069  -0.0569   0.0083  -0.0365   0.0977    0.036   0.1348  -0.1345  -0.0363  -0.1262   0.3871    0.183  -0.1231
