            A        R        N        D        C        Q        E        G        H        I        L        K        M        F        P        S        T        W        Y        V
 1 A  -0.0497   0.0564  -0.0412  -0.0806   0.0052   0.0031  -0.0525  -0.0104  -0.0192   0.0726  -0.0259   0.0525  -0.0097  -0.0492  -0.0775  -0.0356  -0.0136  -0.0262   0.0108  -0.0275
 2 A   0.1591  -0.0019  -0.0686  -0.1555  -0.0391  -0.0215   0.0041   0.0012    0.003   0.0535   0.0564    0.004   0.0685  -0.0016   0.0336   0.1617   0.1245   -0.008   0.0032   0.0391
 3 A   0.0334  -0.0165   0.0498  -0.0513  -0.0816  -0.0187  -0.0725   0.0006  -0.0342   0.0632   0.0371  -0.0679   0.0188   0.0384  -0.0299   0.0543  -0.0267   0.0034   0.0239   0.0305
 4 A   0.0351   0.0243  -0.0305  -0.0024  -0.0103   0.0394   0.0072   0.0041   0.0074   0.0285  -0.0147   0.0101  -0.0109   0.0117   0.0376  -0.0028   0.0187   0.0086   0.0327   0.0628
 5 A   -0.001  -0.0143   0.0333   0.0134   0.0638   0.0366   0.0247   0.0075   0.0339   0.0262  -0.0035   0.0262   0.0205   0.0099   0.0004   0.0511   0.0397   0.0047   0.0539   0.0417
 6 A   0.0153  -0.0073   0.0167   0.0354  -0.0094   0.0545  -0.0114   0.0386   0.0782   0.0123    0.023   0.0169   0.0245   0.0301   0.0936   0.0361   0.0375   0.0095   0.0414  -0.0171
 7 A   0.0146  -0.0188  -0.0025  -0.0312  -0.0059    0.006   0.0505  -0.0348   0.0206  -0.0114   0.0354  -0.0409    0.032   0.0244   0.0214   0.0051   0.0069   0.0397  -0.0061   0.0057
 8 A  -0.0227  -0.0252  -0.0073  -0.0234   0.0133   -0.026   0.0328  -0.0148   0.0705  -0.0127  -0.0179  -0.0241  -0.0623   -0.039  -0.0072   -0.021  -0.0156  -0.0367   0.0112   0.0284
 9 A   -0.008  -0.0344  -0.1926   0.0009  -0.0081  -0.0136  -0.0612  -0.0768   0.0233   0.0368   0.0166   -0.056   0.0261   0.1031  -0.0588  -0.0115  -0.0961   0.3615    0.058   0.0066
