            A        R        N        D        C        Q        E        G        H        I        L        K        M        F        P        S        T        W        Y        V
 1 A   -0.036  -0.0076   0.0107  -0.0112  -0.0493   0.0253  -0.0078  -0.0423   -0.017    0.011   0.0039  -0.0125  -0.0034   0.0223  -0.0426  -0.0241  -0.0287  -0.0061   0.0127  -0.0343
 2 A   0.0725   0.0066   0.0532   0.0078  -0.0065   0.0083  -0.0072   0.0774   0.0079    0.016   0.0428  -0.0021   0.0226   0.0453   0.0522   0.0108   0.0246   0.0115   0.0011   0.0245
 3 A    0.027   0.0687  -0.0212  -0.0146  -0.0359     0.02  -0.0184  -0.0217  -0.0072   0.0165    0.009   0.0586  -0.0123   0.0032  -0.0022  -0.0034  -0.0086  -0.0199   -0.002  -0.0135
 4 A   0.0122   0.0707   0.0184   0.0183    0.004  -0.0067  -0.0133   0.0089    0.045  -0.0217   0.0222   0.0461  -0.0035   0.0361   0.0138   0.0066   0.0113   0.0281    0.016   0.0057
 5 A   0.0154   0.0541   0.0264   0.0396   0.0469   0.0615   0.0167   0.0126   0.0068   0.0167    0.018   0.0116   0.0502   0.0368   0.0011  -0.0075   0.0285   0.0271   0.0292   0.0311
 6 A   0.0011   0.0544   0.0313   0.0111  -0.0238   0.0281   0.0185    0.015   0.0311   0.0224   0.0522   0.0572   0.0466   0.0596   0.0161    0.011   0.0308   0.0373   0.0257   0.0426
 7 A   0.0245  -0.0115   0.0292  -0.0248   0.0184   0.0113   0.0492  -0.0054  -0.0141  -0.0095   0.0071   0.0144   0.0251   0.0242  -0.0093    0.012  -0.0012   0.0101   0.0036   0.0234
 8 A   0.0413  -0.0325  -0.0153  -0.0382  -0.0226   0.0037   0.0162  -0.0293  -0.0717   0.0148   0.0004  -0.0226   0.0086  -0.0015  -0.0009  -0.0096   0.0145  -0.0322  -0.0021   0.0544
 9 A   0.0308  -0.0102  -0.1545  -0.0069  -0.0069   0.0228  -0.0001  -0.0453   0.0488    0.007   0.0525  -0.0082   0.1021   0.0326   -0.025  -0.0148  -0.0011   0.0063   0.0053   0.0403
