            A        R        N        D        C        Q        E        G        H        I        L        K        M        F        P        S        T        W        Y        V
 1 A   0.0106  -0.0149   -0.001  -0.0491   0.0131  -0.0428   0.0059  -0.0509  -0.0438  -0.0353  -0.0022   -0.071   0.0172  -0.0055  -0.0346  -0.0062  -0.0376   0.0148   0.0457  -0.0451
 2 A    0.093   0.0347  -0.1036  -0.0916  -0.0103  -0.0292  -0.0202  -0.0598  -0.0189   0.0902   0.0509  -0.0566   0.0444  -0.0296   0.0244   0.1283   0.1448   0.0588   0.0356   0.0622
 3 A   0.0236  -0.0022   0.0447   0.0955   0.0225  -0.0284   0.0012  -0.0487  -0.0349  -0.0049  -0.0272  -0.0437   0.0019  -0.0287  -0.0012    0.029   -0.031  -0.0212   0.0046  -0.0308
 4 A  -0.0113   0.0232  -0.0001   0.0257   0.0246    0.029    0.001   0.0257   0.0159  -0.0183  -0.0023   0.0098   0.0161  -0.0317   0.0095   0.0251   0.0692  -0.0183   0.0014   0.0253
 5 A   0.0374   0.0165   0.0114   0.0021   -0.021   0.0394    0.016   0.0127   0.0381   0.0045   0.0379   0.0075  -0.0013   0.0973   0.0057   0.0057   0.0325   0.0165   0.0542   0.0083
 6 A   0.0191   0.0276   0.0323    0.055  -0.0174  -0.0133   0.0267   0.0438   0.0409   0.0306   0.0037    -0.03   0.0419   0.0534  -0.0042   0.0245   0.0477   0.0524  -0.0002   0.0351
 7 A   0.0543   0.0081  -0.0291   0.0072  -0.0981  -0.0107  -0.0167   0.0203   0.0276  -0.0061   0.0065   -0.031   0.0085   0.0349   0.0189   0.0118    0.022   0.0586  -0.0181   0.0057
 8 A   0.0064  -0.0443   -0.076  -0.0254  -0.0083  -0.0721   -0.005  -0.0147  -0.0081   0.0263   0.0261  -0.0239   0.0191  -0.0332  -0.0144   -0.002   0.0098  -0.0351   0.0508   0.0016
 9 A  -0.0012  -0.0168    0.024   0.0382   0.0024  -0.1253  -0.0567  -0.0714   0.0215  -0.0036   0.0125  -0.0254   0.0135  -0.0031   0.0075  -0.0119  -0.0072   0.0295   0.1165   0.0115
