            A        R        N        D        C        Q        E        G        H        I        L        K        M        F        P        S        T        W        Y        V
 1 A    0.064   0.1238   -0.037  -0.0501  -0.0325   0.0259  -0.0416   0.0082    0.093  -0.0323  -0.0484   0.0228   0.1341   0.0593  -0.0325  -0.1084  -0.1268  -0.0286   0.1002   0.0137
 2 A    0.041  -0.1563  -0.1615   -0.222  -0.0414    0.278  -0.0786  -0.0325   0.2835   0.0879  -0.1171   0.0787  -0.0041   0.2447  -0.0214   0.0277   0.0892     0.27   0.2441   0.0058
 3 A   -0.072  -0.0795   0.0278  -0.1251  -0.0797   0.1599  -0.0338  -0.0189   0.1946   0.0423   0.0638   0.0574   0.1211  -0.0112   0.1721  -0.0616  -0.0126   0.0707  -0.0384   0.0094
 4 A  -0.0454    0.088   0.1848   0.0221   0.0821   -0.141   0.0968   0.0183   0.0889   0.1298   0.0761   0.0627   0.0106  -0.0557   0.1054   0.0209  -0.0157  -0.0626  -0.0837   0.0914
 5 A   0.0288  -0.1886   0.1077    0.071   0.0867   0.0126   0.1858   0.0415   0.0255   0.1636   0.0359  -0.0053  -0.0561   0.0994   0.1021  -0.0784   0.1741   0.0784    0.009  -0.0123
 6 A  -0.0814  -0.0365   0.0395  -0.1675   0.1137  -0.1028   0.0774  -0.0397   0.1378   0.0155   0.2258  -0.0413   0.1122   0.1756   0.0715   0.1124   0.1263  -0.0016   0.0406   0.1499
 7 A  -0.0194  -0.0915   0.0062    0.041   -0.107   0.0566   0.2545  -0.0146   0.0271  -0.0957  -0.0543  -0.0167  -0.0452  -0.0325   0.1268  -0.0335  -0.0217   0.2005   0.2319   0.1358
 8 A    0.103    0.005   0.0319  -0.1001  -0.0067   0.1144    0.054   -0.061    0.171  -0.2835  -0.1429   0.1352  -0.0121   0.0005  -0.0309   0.0693     0.22  -0.1397   0.0522     0.05
 9 A   0.0547  -0.0806    0.024   0.1801  -0.1059  -0.0396   0.0298   0.0184   0.0206  -0.0219   0.0387  -0.1426  -0.0195   0.2003  -0.1314    -0.05   0.1366   0.5486  -0.0414  -0.1509
