            A        R        N        D        C        Q        E        G        H        I        L        K        M        F        P        S        T        W        Y        V
 1 A  -0.0271    -0.01    0.017  -0.0162  -0.0471   0.0119  -0.0079  -0.0431   -0.016   0.0133   0.0015  -0.0178  -0.0085   0.0314  -0.0431  -0.0293  -0.0324  -0.0082   0.0127  -0.0317
 2 A   0.0647   0.0072    0.052    0.017   0.0022   0.0077   0.0015   0.0397   0.0085    0.017   0.0504  -0.0006   0.0167   0.0489   0.0672   0.0104   0.0154   0.0259   -0.002     0.03
 3 A   0.0238   0.0732  -0.0236  -0.0166  -0.0462   0.0129  -0.0163  -0.0237  -0.0067   0.0019   0.0059   0.0715  -0.0071  -0.0018  -0.0052  -0.0006  -0.0024  -0.0077   0.0019  -0.0141
 4 A   0.0066   0.0596   0.0092   0.0054  -0.0015  -0.0042  -0.0041   0.0095   0.0483  -0.0101   0.0296   0.0563  -0.0006   0.0411   0.0074   0.0085   0.0103   0.0241    0.015   0.0104
 5 A   0.0105    0.067   0.0305   0.0196   0.0433   0.0677   0.0086   0.0117   0.0219   0.0201    0.017   0.0268   0.0489    0.028    0.007  -0.0047   0.0304   0.0219   0.0229   0.0325
 6 A   0.0112   0.0575   0.0349    0.007  -0.0265   0.0261   0.0069   0.0254   0.0482   0.0288   0.0461   0.0463   0.0428    0.062   0.0101   0.0113   0.0244   0.0389   0.0304   0.0491
 7 A   0.0291   -0.009   0.0134  -0.0234   0.0186   0.0049    0.048  -0.0071  -0.0058  -0.0011   0.0154     0.01    0.028   0.0208  -0.0112    0.009  -0.0001   0.0055   0.0061   0.0247
 8 A    0.034  -0.0251  -0.0146  -0.0343  -0.0199  -0.0018    0.017   -0.029  -0.0538     0.02   0.0005  -0.0154  -0.0007  -0.0076   -0.013  -0.0068   0.0132  -0.0312  -0.0124   0.0477
 9 A   0.0302  -0.0086  -0.0756   0.0081  -0.0204   0.0227  -0.0025  -0.0464   0.0362   0.0125   0.0462  -0.0143   0.1007   0.0315  -0.0421  -0.0149  -0.0058  -0.0023  -0.0046   0.0304
