            A        R        N        D        C        Q        E        G        H        I        L        K        M        F        P        S        T        W        Y        V
 1 A   0.0306   0.1011  -0.1092  -0.1184   0.0074  -0.0563  -0.0686   -0.008    0.017  -0.0374  -0.0309    0.166   0.0492  -0.0277  -0.0928   0.0556   0.0684  -0.0124  -0.0575  -0.0062
 2 A   0.0929  -0.1049   0.0438  -0.1275  -0.0793   0.0667  -0.0444   0.0236   -0.005   0.0355    0.074  -0.0296   0.1932   0.1679  -0.0227    0.129   0.1225   -0.147   0.1648   0.0419
 3 A  -0.0299  -0.0287   0.0821   -0.099   0.0922  -0.0349  -0.0843  -0.0694   0.0568  -0.0038   0.0474   0.0571   0.0601   0.0607  -0.0557  -0.0303   0.0469   0.1212   0.0401   -0.086
 4 A    0.018   0.0757   0.0192   0.0417   0.0741  -0.0713  -0.0182  -0.0565   0.0399   0.0454  -0.0024   0.0374   0.0552   0.0314   0.0054   0.0316   0.0024   0.0788   0.0202   0.0152
 5 A   0.0168   0.0697  -0.0376  -0.0069   0.0838   0.0109  -0.0744   0.0116   0.0721   0.0744   0.0906   0.0006    0.046   0.0854   0.0157   0.0148   0.0498   0.0421   0.0826   0.0056
 6 A  -0.0566   0.0761   0.0096  -0.0194   0.0263   0.0159  -0.0785   0.0481   0.0799   0.0642   0.0739   0.0703   0.0666   0.0825   0.0321   0.0314   0.0237   0.0331   0.1165   0.0071
 7 A   0.0241   0.0292  -0.0492  -0.0355   0.0448  -0.0048  -0.0309  -0.0122   0.0408   0.0121   0.0162  -0.0644  -0.0012   0.1413  -0.0532   0.0287   0.0295   0.0554   0.1448  -0.0178
 8 A    0.017   0.0443   0.0461  -0.1042  -0.0651  -0.0072  -0.0104  -0.0305  -0.0167   0.0144   0.0393  -0.0287  -0.0417    0.069   0.0125  -0.0562   0.0525  -0.0153    0.085  -0.0155
 9 A  -0.0238   0.3977   -0.173   0.0106  -0.0981  -0.0643   0.0362  -0.0772   0.0597  -0.0537   0.0153   0.1629   0.0312   0.0444  -0.0364  -0.0155   -0.065  -0.0245   0.0527   0.0094
