            A        R        N        D        C        Q        E        G        H        I        L        K        M        F        P        S        T        W        Y        V
 1 A  -0.1229  -0.0902   0.0264   0.0018  -0.0104  -0.0875    0.002  -0.0963   0.0249   0.0062   0.0162  -0.1012   0.1789   0.1299  -0.1455  -0.0662   0.0681   0.0959   0.0678  -0.0269
 2 A   0.3085  -0.0775  -0.0863  -0.0419   0.1109  -0.0449  -0.0175   0.1639  -0.0277    0.069   0.0141  -0.1758   0.1222   0.0626   0.2458   0.0814      0.0  -0.2559   0.0298   0.0628
 3 A   0.0582  -0.1139   0.0147   0.0461  -0.1026   0.0089   0.0653    -0.07   0.1094  -0.0144  -0.0358  -0.0741   0.0258   0.0443  -0.1058   0.0199   0.0032   0.1398   0.0338   0.0838
 4 A  -0.0071   0.0104   0.0484   0.0272  -0.0145   0.0663   -0.044   0.0309  -0.0563   0.0277  -0.0479  -0.0353   0.0275   0.1264   0.0616   0.0348    0.072    0.064  -0.0554   0.0911
 5 A   0.0494   0.1076  -0.0088   0.0619   0.0696   0.0767  -0.0088   0.0507  -0.0124   0.0285   0.0459  -0.0847   0.1276   0.0584  -0.0233   0.0741  -0.0485   0.0493   0.0183   0.0033
 6 A  -0.0055   0.0287  -0.0213   0.1337  -0.0494  -0.0177    0.069   0.0173  -0.0183    0.085  -0.0477   0.0445   0.0344   0.0595   0.0771   0.0195   0.0368   0.0167   0.0774    0.144
 7 A   0.1004  -0.0697    0.044   0.0007  -0.0935   -0.007  -0.0057  -0.0154   0.0093  -0.0278   0.0614  -0.0574  -0.0015   0.1049  -0.0163  -0.0148   0.0904    0.091    0.051   0.0408
 8 A   0.1105  -0.0077  -0.1555  -0.0356   0.0259  -0.0741   0.0274  -0.0145  -0.1333   0.0867   0.0181  -0.0506   0.0307  -0.0077   0.1153  -0.0158   0.0718  -0.0316  -0.0412   0.0573
 9 A   0.0008  -0.0111   0.0496   -0.019   0.0019  -0.0605  -0.1378  -0.1835   0.1921  -0.0064   0.0597  -0.0696    0.234    0.141  -0.0767  -0.1115  -0.0018   0.0201    0.248  -0.0996
