            A        R        N        D        C        Q        E        G        H        I        L        K        M        F        P        S        T        W        Y        V
 1 A  -0.0307    0.077   -0.034  -0.0976  -0.0019  -0.0424  -0.0329   0.0028  -0.0072   0.1014  -0.0125   0.0377  -0.0082  -0.0585  -0.0783  -0.0281   0.0119  -0.0571   0.0463  -0.0081
 2 A   0.1315  -0.0061   -0.076  -0.1771  -0.0176  -0.0374   0.0237  -0.0059   0.0212   0.0727   0.0593   0.0213   0.0939   0.0045   0.0453    0.186   0.1365   0.0004   0.0025   0.0176
 3 A   0.0319  -0.0142   0.0322  -0.0338  -0.0931  -0.0165  -0.0645  -0.0088  -0.0149   0.0901   0.0326  -0.0598   0.0362   0.0283   0.0007   0.0527  -0.0237   0.0079   0.0411   0.0235
 4 A   0.0804     0.02  -0.0236  -0.0029   0.0023   0.0362   0.0294   0.0235   0.0119   0.0315   0.0304  -0.0389  -0.0024   -0.009   0.0207   0.0118  -0.0017    0.014   0.0527   0.0606
 5 A    0.019  -0.0088   0.0311  -0.0181   0.0571   0.0272   0.0397    0.021   0.0496    0.076  -0.0003  -0.0148   0.0367   -0.005   0.0287    0.072   0.0447   0.0105   0.0476   0.0434
 6 A   0.0254  -0.0067   0.0229    0.023   0.0185   0.0909   -0.038   0.0803   0.0973  -0.0051  -0.0017  -0.0096   0.0289   0.0771   0.1278  -0.0034   0.0445   0.0057   0.0359  -0.0084
 7 A   0.0129  -0.0261  -0.0176  -0.0182  -0.0319  -0.0099   0.0537  -0.0447   0.0289  -0.0197   0.0759   0.0062   0.0163    0.036   0.0419   0.0322   0.0413   0.0246  -0.0053   0.0071
 8 A   -0.023  -0.0012  -0.0177  -0.0688   0.0011  -0.0323   0.0422  -0.0452   0.1344   0.0344  -0.0279   0.0053  -0.0339  -0.0262  -0.0277  -0.0191  -0.0243    -0.02    0.012   0.0356
 9 A    0.017  -0.0446   -0.199   0.0097  -0.0141   0.0314  -0.0441  -0.0916   0.0672   0.0523    0.034  -0.0589   0.0202    0.098  -0.0603  -0.0017  -0.1172   0.3649   0.0411  -0.0047
