            A        R        N        D        C        Q        E        G        H        I        L        K        M        F        P        S        T        W        Y        V
 1 A   0.0609  -0.0527  -0.0977   -0.206  -0.0059  -0.0028  -0.1172   0.0064  -0.0699  -0.0011   0.0107   0.0274   0.1352   0.2824  -0.1654   0.0483  -0.0524   0.0008   0.0695  -0.0771
 2 A   0.0225  -0.1344  -0.1608  -0.1538  -0.0285   0.0758   -0.083  -0.0225   -0.066   0.1169   0.3333  -0.0158   0.3112  -0.0406  -0.2669   0.0332   0.0651   0.0375   0.3126   0.0687
 3 A   0.0925  -0.0032   0.0047    -0.07   -0.046  -0.0292  -0.1228  -0.0421  -0.1089    0.054  -0.0422  -0.0471   0.1134    0.108  -0.0234   0.1107   0.0502  -0.0558   0.0914   0.0174
 4 A   0.0315  -0.0647   0.0058   0.1197  -0.0009   0.0342   0.1173   0.0431  -0.0415   0.0422  -0.0239   0.0143   -0.038   0.0245   0.0586   0.0555  -0.0394   0.0033  -0.0382   0.0482
 5 A   0.0539   0.0061    0.019   0.0306   0.0434   0.0531   0.0873   0.0115   0.1066   0.1447   0.0349  -0.0371  -0.0289  -0.0062  -0.0767   0.0218  -0.0437   0.0073   0.0871   0.0416
 6 A   0.0224  -0.0573   0.0546   0.0121   0.0161    0.091   0.0124  -0.0203   0.0145   0.1063    0.146  -0.0974   0.0294   0.0864   0.0131   0.0882   0.0772  -0.1145   0.0948   0.0178
 7 A   0.0192  -0.1252   0.0527   0.0411   0.0483  -0.0145  -0.0063  -0.0218   0.0405  -0.0592  -0.0305  -0.1441   0.0038   0.1143  -0.1179   0.0003   0.1039    0.094    0.147   0.0662
 8 A    0.018  -0.0388  -0.0244  -0.1591  -0.0356   0.0159   0.0252   0.0402  -0.0891  -0.0254    0.024   -0.051  -0.0633   0.1027   0.0356    0.062  -0.0278   0.0415   0.1124  -0.0521
 9 A   0.1128  -0.1165  -0.1357   0.0658  -0.1733  -0.0963   -0.086  -0.0027   0.0213   0.1728   0.2255  -0.1377     0.07  -0.0151   0.0102   -0.078  -0.0127   0.0488  -0.1135   0.2524
