            A        R        N        D        C        Q        E        G        H        I        L        K        M        F        P        S        T        W        Y        V
 1 A  -0.0609  -0.0479   0.0145   0.0111  -0.0648  -0.0406   0.0817  -0.0492   0.0566   -0.018  -0.0704  -0.1078   0.0819   0.1314  -0.0385  -0.0311  -0.0152   0.0584  -0.0022  -0.0485
 2 A   0.0613  -0.0215   0.0506   0.0015   0.0323   0.0128   -0.044   0.0087  -0.0494   0.0951   0.0463  -0.0246   0.1006  -0.0043   0.0371   0.0406   0.1293  -0.0224  -0.0038   0.1281
 3 A   0.0017  -0.0652   0.0042  -0.0041  -0.0583  -0.0232  -0.0221  -0.0249  -0.0205   0.0497   0.0428  -0.0121   0.0793   0.0265   -0.011   -0.005    0.035   0.1147   0.0438  -0.0389
 4 A   0.0323  -0.0039   0.0161   0.0523   0.0542   0.0083   0.0316   0.0183  -0.0249   0.0356  -0.0214  -0.0056   0.0334   0.0307   0.0261   0.0122   -0.006   0.0514   0.0436   0.0303
 5 A   0.0379   0.0034   0.0203  -0.0073   0.0337   0.0599  -0.0085   0.0205   0.0649   0.0457   0.0381  -0.0284   0.0376    0.024   0.0957   0.0252   0.0153   0.0888   0.0026   0.0573
 6 A   0.0467  -0.0048   0.0529   0.0146   0.0184   0.0241   -0.014   0.0164   0.0077   0.0553    0.033  -0.0016   0.1447    0.099   0.0382   0.0335   0.0551   0.0011   0.0251   0.0312
 7 A   0.0034   0.0007  -0.0098   0.0203  -0.0004   0.0075  -0.0238  -0.0417    0.075   0.0152   0.0164  -0.0197   0.0152   0.0622   0.0518   0.0098   0.0189   0.0047   0.0314   0.0313
 8 A  -0.0209  -0.0202   0.0485  -0.0399  -0.0269  -0.0064   0.0136   0.0121   0.0547   0.0021   0.0146  -0.0059  -0.0027   0.0498   0.0111  -0.0283  -0.0615  -0.0047   0.0014  -0.0319
 9 A   0.0294   0.0007  -0.0236  -0.0806   -0.034  -0.0661  -0.0661  -0.0975  -0.0463   0.1033   0.0725  -0.0229    0.153  -0.0018  -0.0535   0.0169   0.1473  -0.0308  -0.0061   0.1804
