            A        R        N        D        C        Q        E        G        H        I        L        K        M        F        P        S        T        W        Y        V
 1 A  -0.0166   0.0441     -0.1  -0.0395  -0.0706  -0.0815  -0.0627  -0.0309  -0.0206   0.0078  -0.0162   0.1511  -0.0591   0.0245  -0.0945   0.0029  -0.0165   0.0117  -0.0837  -0.0545
 2 A   0.0515   0.0135  -0.0299  -0.1101   0.0516  -0.0635  -0.1167   0.0307  -0.1014  -0.0061  -0.0803  -0.0084   0.0663  -0.0619  -0.0858   0.2693   0.2225   0.0669  -0.0153   0.0032
 3 A  -0.0274   0.0182   0.0253  -0.2595  -0.0794  -0.0104   0.0817   0.0109  -0.0424   0.0224  -0.0961   0.1219  -0.0577   0.1174  -0.0017  -0.0893   0.0148  -0.0707   0.0221     0.04
 4 A  -0.0795  -0.0172   0.0389  -0.0955    -0.09   0.0587  -0.0348    0.003   0.0889   0.0216   0.0807   0.0496  -0.0721   0.0615   0.0752  -0.0669   0.0855  -0.0304   0.0502  -0.0606
 5 A   0.0767   0.0247   0.0502  -0.0302   -0.046   0.0792  -0.0095   0.0106   0.1276   -0.043  -0.0771  -0.0729    -0.01   0.0157  -0.0184  -0.0526   0.0807   0.0147  -0.0464   0.0951
 6 A   -0.101   0.0054   0.0772  -0.0285   0.0817   0.0247  -0.0968   0.0859   0.0382   0.0995  -0.0655   -0.111   0.0865   0.0432  -0.0374   0.0004   0.0508   0.0846   0.0423    0.041
 7 A   -0.096  -0.1236  -0.0943  -0.0508    0.072   0.0078  -0.0566   0.0684   0.0213  -0.0442    0.062  -0.0189   0.0122  -0.0963   0.0601  -0.1021   0.1122  -0.0224   0.0727    0.053
 8 A   0.0081  -0.0727   -0.088  -0.0757  -0.0911  -0.0785  -0.0549   0.0463   0.0119  -0.0445  -0.0856   0.0935   0.0136  -0.0593  -0.0495   0.0488  -0.1094   0.0163    0.094   0.0123
 9 A   -0.052  -0.0012  -0.1271  -0.0719   -0.109  -0.0625  -0.1813   -0.059  -0.0465   0.0158  -0.0365   0.0977   0.0453   0.1453  -0.1243  -0.0247  -0.1149   0.3806   0.1561  -0.1145
