            A        R        N        D        C        Q        E        G        H        I        L        K        M        F        P        S        T        W        Y        V
 1 A  -0.0014   0.0542  -0.0401  -0.0449  -0.0455  -0.0479   -0.045   0.0048   0.0029  -0.0253  -0.0158  -0.0103  -0.0309   -0.008  -0.0108  -0.0078  -0.0251   0.0186   0.0362  -0.0226
 2 A   0.0209   0.2747  -0.0393  -0.0814  -0.0054   0.1135   0.0154   -0.023   0.0196  -0.0071   0.0148   0.0933   0.0727  -0.0347  -0.0074    0.022   0.0071   0.0139  -0.0054   0.0005
 3 A   0.0164  -0.0198   0.0073   -0.008  -0.0054   0.0075  -0.0009  -0.0345   -0.024   0.0142   0.0174  -0.0155   0.0192   0.0264  -0.0083  -0.0146  -0.0277   0.0138    0.048   -0.005
 4 A   0.0205   0.0162   0.0177  -0.0065   0.0483   0.0229   0.0081   0.0532   -0.009   0.0134    0.025   0.0114   0.0201   0.0189  -0.0027   0.0151   0.0121   0.0062   0.0155   0.0008
 5 A   0.0426   0.0193   0.0209   0.0228   0.0017   0.0203   -0.005   0.0189   0.0408   0.0341   0.0365   0.0397   0.0324     0.03   0.0118   0.0164   0.0308   0.0564   0.0181   0.0295
 6 A   0.0418   0.0457   0.0403  -0.0044   0.0169   0.0107   0.0453   0.0331   0.0316   0.0206   0.0213   0.0293   0.0284   0.0392   0.0162   0.0462   0.0273   0.0201   0.0187   0.0391
 7 A   0.0228   0.0152  -0.0162  -0.0092  -0.0352    0.019  -0.0187  -0.0053   0.0121    0.021   0.0152   0.0196   0.0036  -0.0079    0.009   0.0159   0.0092   0.0247   0.0633    0.004
 8 A  -0.0147  -0.0172  -0.0199  -0.0241   0.0085  -0.0122  -0.0298   0.0193   0.0025  -0.0281   0.0101  -0.0082  -0.0208   0.0021   0.0273  -0.0017  -0.0004  -0.0056  -0.0356   0.0019
 9 A  -0.0306   0.0498   -0.007  -0.0041  -0.0206  -0.0048   0.0066  -0.0179   0.0121  -0.0119   0.0017   0.0503    0.011    0.047   -0.013   0.0028  -0.0051  -0.0078   0.0144  -0.0055
