            A        R        N        D        C        Q        E        G        H        I        L        K        M        F        P        S        T        W        Y        V
 1 A  -0.0166   0.0441     -0.1  -0.0395  -0.0706  -0.0815  -0.0627  -0.0309  -0.0206   0.0078  -0.0162   0.0982  -0.0591   0.0242  -0.0945  -0.0044  -0.0165   0.0117  -0.1002  -0.0591
 2 A   0.0502   0.0102  -0.0377  -0.1174   0.0487  -0.0691  -0.1222   0.0272   -0.108   -0.014  -0.0803   -0.012   0.0711  -0.0645  -0.0909     0.28    0.268   0.0669  -0.0172  -0.0041
 3 A  -0.0044    0.011  -0.0052    -0.29  -0.0794  -0.0104   0.0817   0.0173  -0.0424   0.0277  -0.0961   0.1075  -0.0577   0.0967  -0.0017  -0.0893   0.0148  -0.0707   0.0185     0.04
 4 A  -0.0795  -0.0172   0.0389  -0.1054    -0.09   0.0655  -0.0307    0.003   0.0889   0.0179   0.0807  -0.0181  -0.0721   0.0615   0.0809  -0.0669   0.0855  -0.0304   0.0502  -0.0759
 5 A   0.0767   0.0247   0.0502  -0.0302   -0.046   0.0792  -0.0135   0.0031   0.1338  -0.0391  -0.0771  -0.1167    -0.01   0.0157  -0.0184  -0.0526   0.0807   0.0147  -0.0405   0.1125
 6 A  -0.0976   0.0054   0.0772  -0.0285   0.0817   0.0247  -0.0968   0.0859   0.0382   0.0995  -0.0655  -0.1749   0.0865   0.0398  -0.0549  -0.0001   0.0508   0.0846   0.0423    0.046
 7 A   -0.096  -0.1323  -0.0943  -0.0508    0.072   0.0078  -0.0527   0.0684   0.0265  -0.0442   0.0682  -0.0638   0.0122  -0.0963   0.0601  -0.1038   0.1194  -0.0224   0.0727   0.0498
 8 A   0.0107  -0.0727   -0.088  -0.0757  -0.0911  -0.0785  -0.0549    0.043   0.0119  -0.0386  -0.0856   0.0935   0.0136  -0.0593  -0.0495   0.0488  -0.1113   0.0163    0.094  -0.0249
 9 A   -0.052  -0.0012  -0.1346  -0.0771  -0.1163  -0.0677  -0.1878  -0.0645  -0.0526   0.0122  -0.0365   0.0977   0.0409   0.1401  -0.1303  -0.0323  -0.1214   0.3945   0.1989  -0.1192
