            A        R        N        D        C        Q        E        G        H        I        L        K        M        F        P        S        T        W        Y        V
 1 A    0.091  -0.0651  -0.1415  -0.1806   0.0075  -0.0009  -0.1088   0.0423  -0.0865  -0.0318   0.0189  -0.0054   0.1138   0.3136  -0.1505   0.0327  -0.0334   0.0234   0.0511  -0.0454
 2 A   0.0339  -0.1198  -0.1394  -0.1817  -0.0192   0.0536   -0.083  -0.0324   -0.066    0.117   0.3188  -0.0158   0.3207  -0.0771   -0.251   0.0445   0.0619   0.0592   0.3221   0.0375
 3 A   0.0828   0.0121  -0.0067  -0.0851  -0.0705  -0.0088  -0.1297  -0.0758  -0.1012   0.0715  -0.0188  -0.0251   0.1066   0.0898  -0.0508   0.0979   0.0982   -0.022   0.1009   0.0288
 4 A  -0.0143  -0.0951    0.031   0.1081  -0.0224   0.0622   0.1371   0.0534  -0.0606   0.0746  -0.0469   0.0732  -0.0342   0.0171   0.0586    0.062  -0.0525   0.0271   -0.031   0.0452
 5 A   0.0296   0.0331   0.0277   0.0455   0.0533   0.0794   0.0999   0.0108    0.156   0.1477    0.012  -0.0257  -0.0294  -0.0735  -0.0531  -0.0058  -0.0785   0.0035   0.1246   0.0355
 6 A   0.0009  -0.0737   0.0491   0.0223  -0.0149   0.1024   0.0323  -0.0224   0.0143   0.1151   0.2038  -0.1235   0.0045   0.0778   0.0212   0.1107   0.0906  -0.0946   0.0875    0.018
 7 A   0.0341  -0.1368    0.063   0.0303   0.0777  -0.0364   0.0258  -0.0327   0.0725  -0.0365  -0.0421  -0.1584   -0.024   0.1061  -0.1363  -0.0009   0.1347   0.0692   0.1644   0.0832
 8 A   0.0124  -0.0174  -0.0498  -0.1634  -0.0367   0.0122   0.0407   0.0458  -0.0851  -0.0298   0.0364  -0.0486  -0.0606    0.142   0.0193   0.0943  -0.0395    0.048   0.0903  -0.0484
 9 A   0.0964  -0.1232   -0.134   0.0658  -0.1548  -0.0963   -0.086  -0.0027   0.0213   0.1543   0.2349  -0.1494   0.0868   -0.016   0.0102  -0.0849  -0.0304   0.0563   -0.104   0.2505
