            A        R        N        D        C        Q        E        G        H        I        L        K        M        F        P        S        T        W        Y        V
 1 A   0.0285   0.1373  -0.2134  -0.2104  -0.0706   0.0066  -0.0627   0.1177  -0.0319   0.0078  -0.0162   0.0804  -0.0591  -0.0407  -0.2128    0.081  -0.0165   0.1203   0.0604  -0.0604
 2 A   0.0601   0.0829   0.0134   0.0169   0.0138   0.0172   0.2618   0.0163   0.0133   0.0151  -0.0803   0.0166    0.013   0.0066   0.0124   0.0157  -0.0114   0.0125  -0.1624   0.0129
 3 A   0.0012   0.0496   0.0102  -0.1539  -0.0794  -0.0104   0.0817  -0.0448  -0.0424   0.0604   0.0282   0.0696  -0.0577   0.0503  -0.1216  -0.0072   0.1071  -0.0707   0.0073   0.0423
 4 A   0.1165  -0.0172   0.0282   0.0237    -0.09  -0.0625   0.0025    0.003   0.0889  -0.0517   0.0254   0.0401  -0.0721   0.0615   0.1297  -0.0669  -0.0633   0.0256   0.0502   0.0468
 5 A    0.122   0.0696  -0.0937  -0.1921   -0.046   0.0792  -0.0256   0.0822  -0.0216  -0.0454  -0.0399  -0.0081    -0.01    0.087   0.0403   0.0294   0.0148   0.0311   0.4185  -0.0578
 6 A  -0.0381   0.0054  -0.0238   -0.099   0.0817   0.1932   0.0251   0.0556   0.0382   0.0569  -0.0179   0.0521  -0.0243   0.0042  -0.0119   0.0511   0.0264   0.0846   0.0156   0.0114
 7 A  -0.1448  -0.0752   0.0022  -0.1381   0.1988   0.0078   0.0106   0.0646  -0.0752   0.0798   0.0198  -0.0677   0.0122   0.0692   0.1501  -0.0454   0.0288   0.0656  -0.0283   -0.059
 8 A  -0.0491  -0.0727  -0.0092  -0.0196  -0.0911  -0.1647   0.0272  -0.0115   0.0014  -0.0305   0.0246    0.027   -0.056   0.0168   0.0671   0.0488   0.0506   0.0163   0.0637  -0.0621
 9 A  -0.0065  -0.1764  -0.1773   0.0658   -0.174  -0.0179  -0.1819   0.0308   0.0213  -0.0164   0.1684  -0.1746   0.2215   0.1404  -0.1453   0.0491    0.199  -0.0616   0.0727   0.1372
