            A        R        N        D        C        Q        E        G        H        I        L        K        M        F        P        S        T        W        Y        V
 1 A   0.0476   0.0971  -0.0578  -0.0408  -0.0529  -0.0617  -0.0385  -0.0059   0.0084  -0.0232   0.0408   0.0811   0.0228  -0.0854  -0.0753   0.0243  -0.0247  -0.0064  -0.0106      0.0
 2 A   0.0228  -0.0173     0.01  -0.0042   0.0753   0.0307  -0.0293   0.0275   0.0096   0.0452   0.0751  -0.0305   0.0808   0.0605   -0.075   0.0731   0.0536   0.1129   0.0126   0.0399
 3 A  -0.0638   0.1628   0.0718  -0.0285  -0.1553   0.0242  -0.0397  -0.0346   0.1451  -0.0127  -0.0139   0.0527   0.0865   0.0581  -0.0187  -0.0493  -0.0844  -0.0143   0.0312  -0.0063
 4 A   0.0676    0.043  -0.0376  -0.0335   0.2101   0.0472  -0.0167  -0.0175   0.0545  -0.0426   0.0094    0.046   0.1765  -0.0132    0.021  -0.0287  -0.0268  -0.0074  -0.0478   0.0107
 5 A   0.0178   0.0445   0.0297   0.0003    -0.03   0.0167  -0.0034    0.021   0.0295   0.0116   0.0023   0.0401   0.0875   0.0703   0.0196    0.061   0.0302    0.054   0.0668   0.0563
 6 A   0.0301   0.1089  -0.0352  -0.0245  -0.0007   0.0146   -0.027   0.0437   0.0991   0.0281  -0.0219   0.0019   0.0955   0.0484   0.0396   0.0086    0.102   0.0758   0.0594   0.0292
 7 A  -0.0167   0.0537   0.0473  -0.0456   0.0315   0.0204  -0.0146   0.0442   0.0484   0.0555   0.0131  -0.0105   0.0715  -0.0032   0.0364  -0.0084  -0.0529  -0.0245  -0.0128   0.0347
 8 A   0.0267  -0.0515  -0.0112   -0.064     0.04  -0.0721   -0.039  -0.0165    0.059  -0.0038   0.0056  -0.0097  -0.0285   0.0653   0.1553  -0.0432  -0.0251  -0.0248   0.0084  -0.0135
 9 A   0.0918   0.0195    0.024   0.0137  -0.0822  -0.0737   0.0014   0.0041  -0.1307  -0.0056    0.017   0.2911  -0.0651  -0.0287    0.033    0.009   0.0097  -0.0638   0.0509   0.0569
