            A        R        N        D        C        Q        E        G        H        I        L        K        M        F        P        S        T        W        Y        V
 1 A   0.0417  -0.0362  -0.0665  -0.2337  -0.0142  -0.0033  -0.1447  -0.0114  -0.0525   0.0145   0.0094   0.0338   0.1418   0.2513   -0.166   0.0425  -0.0628  -0.0127   0.0959  -0.0681
 2 A   0.0377  -0.0834  -0.1536  -0.0906  -0.0229   0.0915   -0.083  -0.0006   -0.066   0.1294   0.3243  -0.0158    0.296  -0.0072  -0.2488   0.0018   0.0578   0.0462   0.1539   0.0956
 3 A   0.1054  -0.0201    0.028  -0.0213  -0.0452  -0.0528  -0.0897   -0.026  -0.0873   0.0431  -0.0536  -0.0639   0.1406    0.096  -0.0178   0.0866   -0.003  -0.0701   0.0717    0.007
 4 A   0.0495  -0.0498  -0.0081   0.1135   0.0255   0.0245   0.0801   0.0315  -0.0246   0.0121  -0.0125   0.0038  -0.0225   0.0398   0.0561   0.0367  -0.0274   0.0008  -0.0182   0.0191
 5 A   0.0506  -0.0109   0.0128   0.0185   0.0481   0.0256   0.0605   0.0284   0.0833   0.1284   0.0494  -0.0294   0.0074   0.0347  -0.0936   0.0182  -0.0235   0.0193   0.0711   0.0413
 6 A   0.0063  -0.0331   0.0568   0.0071   0.0187   0.0904   0.0089  -0.0466   0.0285   0.1039   0.1276  -0.0866   0.0599   0.0879   0.0037   0.0489   0.0792  -0.1041   0.0876   0.0423
 7 A   0.0112   -0.109   0.0443   0.0331  -0.0033   0.0004   0.0007  -0.0271   0.0366  -0.0402  -0.0065   -0.145   0.0251   0.0969  -0.1049    0.004   0.0804   0.1148   0.1215   0.0519
 8 A   0.0147   -0.036  -0.0063  -0.1432  -0.0289   0.0182   0.0201   0.0241  -0.0923  -0.0362   0.0128  -0.0778  -0.0625   0.0768   0.0542   0.0478  -0.0342   0.0506   0.1246  -0.0495
 9 A   0.1285  -0.1065  -0.0758   0.0658  -0.1827  -0.0963   -0.086  -0.0027   0.0213   0.1452   0.2188  -0.1075   0.0585  -0.0045   0.0102  -0.0536  -0.0062   0.0282  -0.1274   0.2385
