            A        R        N        D        C        Q        E        G        H        I        L        K        M        F        P        S        T        W        Y        V
 1 A  -0.1135  -0.0972   0.0125  -0.0251  -0.0118  -0.0849   0.0095  -0.1008   0.0223   0.0179   0.0247  -0.0977   0.1876   0.1439  -0.1492  -0.0427   0.0534   0.1115   0.0622  -0.0464
 2 A   0.2748   -0.073  -0.0807  -0.0297   0.0868  -0.0385  -0.0269   0.1279  -0.0354   0.0661   0.0002  -0.1765   0.1218   0.0799   0.2366   0.0685  -0.0021  -0.0806   0.0233   0.0661
 3 A   0.0515  -0.0837   0.0266   0.0298   -0.098  -0.0177   0.0182   -0.029   0.0972   0.0008  -0.0415  -0.0562    0.021   0.0362  -0.0804   0.0282   -0.006   0.1526   0.0248   0.0738
 4 A  -0.0111   0.0056   0.0664   0.0425   -0.031   0.0555  -0.0211   0.0451  -0.0337    0.022  -0.0435  -0.0421   0.0505   0.1013   0.0414    0.014   0.0831    0.054  -0.0354   0.0871
 5 A   0.0611   0.0844   0.0026   0.0722   0.0793   0.0888  -0.0099   0.0366  -0.0161  -0.0036   0.0426  -0.0945   0.1388   0.0712  -0.0205   0.0552  -0.0393   0.0525   0.0205   0.0408
 6 A   0.0066   0.0109  -0.0123    0.137  -0.0289   -0.019   0.0667   0.0113  -0.0032   0.0643  -0.0313   0.0433   0.0155   0.0704   0.0583   0.0228    0.063   0.0387   0.0743    0.124
 7 A   0.1008  -0.0568    0.021   0.0122  -0.0925    0.004   0.0199  -0.0288   0.0376  -0.0232   0.0531  -0.0631   0.0068    0.078  -0.0109   0.0056   0.0755   0.0733   0.0547   0.0374
 8 A   0.1032   0.0018  -0.1532  -0.0433   0.0457   -0.086    0.028  -0.0188   -0.129   0.0946   0.0213  -0.0595   0.0202   0.0108   0.1195  -0.0167   0.0542  -0.0435  -0.0045   0.0488
 9 A   0.0073   0.0046   0.0299  -0.0182  -0.0028  -0.0843  -0.1145   -0.168   0.1885   -0.031   0.0629  -0.0623   0.2323   0.1744  -0.0594  -0.0911  -0.0168   0.0133   0.2645  -0.1201
