            A        R        N        D        C        Q        E        G        H        I        L        K        M        F        P        S        T        W        Y        V
 1 A   0.0546   0.0935  -0.0179  -0.0638   -0.053   0.0244  -0.0096   0.0069  -0.0096  -0.0209  -0.0308    0.034    0.075   0.0785  -0.0471  -0.0938  -0.0958  -0.0368   0.0671  -0.0004
 2 A   0.0369  -0.0472  -0.1017  -0.1769   0.0065   0.2009  -0.0832  -0.0738   0.0832   0.0343  -0.0848  -0.0196   0.0618   0.2416  -0.0158   0.0531   0.1092   0.1329   0.2833   0.0426
 3 A  -0.0454  -0.0671   0.0344  -0.0994    -0.09    0.151  -0.0298  -0.0354    0.161  -0.0149   0.0732   0.0847   0.0598   0.0276    0.124  -0.0414  -0.0294   0.0105  -0.0609   0.0147
 4 A   -0.048   0.0299   0.2204   0.0223   0.0655  -0.0953    0.044   0.0129   0.0889    0.091   0.0551    0.051  -0.0011  -0.0568   0.0621   0.0351  -0.0094  -0.0713  -0.0229   0.0555
 5 A   0.0349  -0.1214   0.1274   0.0607   0.0029   0.0287   0.1259   0.0335   0.0159   0.0933   0.0416   0.0084  -0.0468   0.1007   0.1016  -0.0606   0.1001   0.0864  -0.0237   0.0292
 6 A  -0.0574  -0.0037   0.0173  -0.0988   0.0918  -0.0522  -0.0445  -0.0518   0.1197   0.0615   0.1636  -0.0295   0.0517   0.1608  -0.0119   0.0883   0.1523  -0.0133   0.0941   0.1507
 7 A   0.0046  -0.0837    0.023  -0.0175  -0.0338   0.0617   0.1636  -0.0377   0.0676  -0.0504  -0.0322  -0.0372    0.016   0.0066    0.082  -0.0242   0.0072   0.1282   0.0328    0.108
 8 A   0.0818  -0.0291   0.0029  -0.0774  -0.0641   0.0783   0.0677  -0.0745   0.1057   -0.167  -0.1343   0.0733  -0.0228   0.0173  -0.0137   0.0387   0.1638  -0.0706   0.0766   0.0214
 9 A  -0.0047  -0.0604    0.024   0.0503  -0.0878  -0.0356  -0.0354   0.0265   0.0385   0.0119   0.0564  -0.1302   0.0333   0.2301   -0.061  -0.0272   0.1043   0.3597  -0.0793  -0.1215
