            A        R        N        D        C        Q        E        G        H        I        L        K        M        F        P        S        T        W        Y        V
 1 A  -0.0439   0.0606  -0.0059   0.0316  -0.1773  -0.1413  -0.0627  -0.0309  -0.2242   0.0272  -0.0722   0.1203   0.0606   0.0854  -0.0225   0.1534  -0.0566   0.0117  -0.0438   0.0351
 2 A   0.0601  -0.0735  -0.0373   0.0385   0.0089   0.0173  -0.1095  -0.0181   -0.066    0.014  -0.0803  -0.0158    0.232   0.1763  -0.0914   0.0199  -0.0216   0.1791   0.1871   0.0023
 3 A   0.0978   0.0724  -0.0283   0.0066  -0.0499  -0.0918   0.0935  -0.0493  -0.0203   0.0266  -0.0108  -0.0847  -0.0577   0.0924  -0.1569  -0.0893   0.0336  -0.0274   0.1455   0.0723
 4 A  -0.1588  -0.0689   0.1001  -0.0329    -0.09   0.0351   0.0328  -0.0705   0.1117   0.0877   0.0324  -0.0037   0.0185   0.1193   0.0029  -0.0624   0.1474  -0.0304   0.0502   0.0536
 5 A   0.0767   0.1272  -0.0741  -0.0302     0.05   0.0074   0.0215   0.0273   0.1782   0.1256  -0.1402   0.0665    -0.01   0.1144  -0.0778  -0.0567   0.1528   0.0654   -0.113  -0.0245
 6 A  -0.0347   0.0512   0.1746  -0.1238   0.0977   0.0016  -0.0737   0.0331   0.0394   0.1974  -0.1703   0.0099   0.0865   0.0572  -0.0868   0.1066   0.0167   0.0846   0.1127  -0.0492
 7 A   -0.096  -0.0948   0.0393   0.0286  -0.0246   0.0217  -0.0476  -0.0417  -0.0752  -0.0519  -0.0304  -0.0647   0.0122   0.1103   0.1246  -0.0916   0.1119   0.0607   0.1836   0.0494
 8 A   0.0112  -0.1171   0.0862  -0.0742  -0.0911  -0.0061   0.0073   0.0426   0.0847  -0.0821   0.1012   0.0893   0.0463  -0.0726  -0.1363  -0.1524  -0.0745   0.0163   0.0087   0.1289
 9 A   0.0178  -0.1431    0.024   0.0658  -0.0523  -0.0963  -0.2662  -0.2063  -0.2005   0.2135   0.1428   0.0977   0.2247    0.384  -0.0785  -0.1848  -0.1553   0.3359  -0.0822   -0.026
