            A        R        N        D        C        Q        E        G        H        I        L        K        M        F        P        S        T        W        Y        V
 1 A  -0.1244  -0.1121    0.018   0.0422  -0.0188  -0.0755   -0.042  -0.0869   0.0563  -0.0073   0.0289  -0.0995   0.1678   0.1074  -0.1512  -0.0708   0.0432   0.0888   0.0682   -0.012
 2 A   0.3366  -0.0852  -0.0906    -0.05   0.1388  -0.0582  -0.0104   0.1888  -0.0275   0.0785   0.0168  -0.1729   0.1319   0.0167   0.2617   0.0884  -0.0213  -0.2932   0.0322   0.0419
 3 A   0.0639  -0.1447  -0.0195   0.0532   -0.108   0.0176   0.1194  -0.1024   0.1013  -0.0369  -0.0379  -0.0699   0.0355   0.0469  -0.1365   0.0079    0.035   0.1225   0.0648   0.0769
 4 A  -0.0371  -0.0076     0.03    0.008   0.0217    0.082  -0.0626   0.0359  -0.0797   0.0621  -0.0543  -0.0259   0.0213   0.1337   0.0675   0.0526   0.0596   0.0574  -0.0739   0.0955
 5 A   0.0288   0.1338   0.0033   0.0672   0.0534   0.0671  -0.0083   0.0676  -0.0157   0.0509   0.0178  -0.0839   0.1031   0.0501  -0.0407   0.1237  -0.0457   0.0442    0.018  -0.0383
 6 A   -0.024   0.0498  -0.0375   0.1155  -0.0679   0.0045    0.065   0.0361  -0.0443   0.1113  -0.0705   0.0293   0.0365   0.0686   0.1008   0.0355    0.007   -0.004   0.0937   0.1401
 7 A   0.0845  -0.0659   0.0814  -0.0022  -0.1015  -0.0293  -0.0252    0.015  -0.0088  -0.0139   0.0751  -0.0391  -0.0392    0.108  -0.0354  -0.0282   0.0936   0.0988   0.0193   0.0546
 8 A   0.1226  -0.0266  -0.1747  -0.0338   0.0101  -0.0579   0.0354   -0.025  -0.1315   0.0706   0.0143  -0.0546   0.0421  -0.0156    0.126  -0.0268   0.0803  -0.0236  -0.0637   0.0645
 9 A  -0.0207  -0.0392   0.0505  -0.0172   0.0132  -0.0196  -0.1546  -0.1943   0.1901  -0.0039    0.036  -0.0692   0.2294   0.1132   -0.075   -0.095   0.0074   0.0273   0.2285  -0.0701
