            A        R        N        D        C        Q        E        G        H        I        L        K        M        F        P        S        T        W        Y        V
 1 A  -0.0897   -0.094  -0.1216    -0.17  -0.1604  -0.1096   0.0947  -0.1623  -0.1141   0.1887    0.051   0.2016  -0.0339   0.0675  -0.0253    0.107   0.0024   0.0117   0.2037   0.0556
 2 A   0.0729   0.0832  -0.0373   0.0385   0.0997    0.003   -0.083  -0.1198  -0.1372  -0.0028  -0.0532  -0.0158   0.1631   0.1039   0.0384  -0.0611   0.0723   0.0974    0.302    0.053
 3 A   0.2075  -0.1051  -0.0395  -0.1104  -0.0861   0.0221  -0.1365  -0.1122   0.0484   0.1458   0.1179   0.0402   0.1082  -0.0589   0.0211   0.0307  -0.0255   0.1132   0.0159  -0.0246
 4 A  -0.0457   0.0295   0.0378  -0.0652   0.0623  -0.0337  -0.0768   0.0213  -0.0018   0.0217   0.0378  -0.0031  -0.0742   0.0104   0.0319   0.0707   0.1854  -0.0215   0.2187   0.0709
 5 A   0.0503   0.0145   0.0062   0.0546   0.1277  -0.0156  -0.1484  -0.0285   0.1683   0.0876   0.0775  -0.0067   0.0621  -0.0435  -0.1094  -0.0188   0.0583   0.1817   0.0404   0.1297
 6 A    0.013   0.0584  -0.0554  -0.1348  -0.1022   0.0011  -0.0187  -0.0267   0.0681  -0.0572   0.0468  -0.1714   0.1504   0.1574   0.1224   0.0964   0.1319   0.0846   0.2439   0.1279
 7 A   0.0497  -0.0359   0.0853  -0.0045  -0.0657   0.1177  -0.0291   0.0016   0.0809  -0.0073   0.1206  -0.1154  -0.1855    0.094   0.1208   0.0262   0.0351  -0.0458     0.09  -0.0049
 8 A   -0.089   0.0808   0.0634  -0.0358  -0.0098  -0.0808   0.0614  -0.0668   0.0961  -0.1615   0.1016  -0.1125  -0.0016   0.0023  -0.0079  -0.0253   0.0764   0.0776  -0.0007   0.0537
 9 A  -0.0855   0.0104    0.024   0.0658  -0.0686  -0.0963   -0.086  -0.0027   0.0213   0.1559   0.0405   0.0939  -0.1831   0.2242   0.0102   0.0491   0.0338   0.1338  -0.1803    0.065
