            A        R        N        D        C        Q        E        G        H        I        L        K        M        F        P        S        T        W        Y        V
 1 A   0.0122   0.1325  -0.0285  -0.0395  -0.0395   0.0594  -0.1353   0.0907   0.0485  -0.0447  -0.0811    0.105  -0.1611   -0.079  -0.0185   0.1337  -0.0334   0.0117  -0.0341   0.0328
 2 A   0.0068   0.0937  -0.1134   0.0385  -0.0395   0.0461  -0.0776  -0.1624   -0.066   0.0749   -0.002  -0.0158   0.2729  -0.0138   0.0384   0.0041   0.1976   0.1128   0.1316   0.1033
 3 A   0.0444   0.0368  -0.0559  -0.0105   -0.129  -0.0668  -0.0789  -0.1042   0.1189   0.0141  -0.0225   0.0753  -0.0187   0.0284   0.1234   0.1941   0.0777  -0.0707   0.0042   0.0423
 4 A  -0.1075  -0.0551    0.132   0.0154    -0.09  -0.0734  -0.0204   0.1211    0.118   0.0531  -0.0548   0.0992  -0.0721   0.2127   0.0312   0.0571   0.0614  -0.0304   0.0502   0.0411
 5 A   0.0767   0.0153   -0.131  -0.0373   0.0725    0.069   0.0763   0.0195   0.0468   0.0632   0.0281   0.0852   0.0817   0.0146     0.09  -0.0172   0.2159   0.1007  -0.2126   0.0438
 6 A  -0.1075   0.1037   0.0331   0.0028   0.0749  -0.0471  -0.1082   0.0371   0.1145   0.0358   0.0585   0.0237   0.1658   0.1264  -0.0868   0.0465   0.0302   0.0846   0.0756   0.0855
 7 A   -0.096  -0.0024   0.0671  -0.1907   0.1402  -0.0423  -0.0605   0.1703  -0.0752  -0.0548   0.0029   0.0073   0.0121   0.0076   0.1431  -0.0292    0.189    0.069    0.068   0.0245
 8 A   0.0112  -0.0246   0.0948  -0.0259  -0.0911  -0.1869   0.0951   0.0426   0.0869  -0.1011   0.0256   0.0504   0.0039   0.0756   0.2045  -0.1192  -0.1124   0.0163    0.021  -0.0162
 9 A    0.025  -0.0012    0.024   0.0658  -0.0686  -0.0963   -0.086  -0.0027   0.0213   0.0504  -0.0001   0.0977  -0.0087   0.0461   0.0102   0.0491   0.0338   0.0051   0.2451  -0.1961
