            A        R        N        D        C        Q        E        G        H        I        L        K        M        F        P        S        T        W        Y        V
 1 A  -0.0166   0.0441     -0.1  -0.0395  -0.0706  -0.0815  -0.0627  -0.0309  -0.0206   0.0078  -0.0162   0.1612  -0.0591   0.0374  -0.0945   0.0017  -0.0165   0.0117  -0.0752  -0.0221
 2 A   0.0845   0.0466  -0.0283  -0.0487   0.0644  -0.0101  -0.0975  -0.0034  -0.0819    0.005  -0.0803  -0.0087   0.0547  -0.0348   -0.035   0.1678   0.1871   0.0669   -0.037   0.0609
 3 A  -0.0594   0.0172   0.0293  -0.1171  -0.0794  -0.0104   0.0817    0.027  -0.0424   0.0076  -0.0961   0.0864  -0.0577   0.0909  -0.0017  -0.0893   0.0148  -0.0707   0.0559     0.04
 4 A  -0.0795  -0.0172   0.0389  -0.0871    -0.09   0.0753  -0.0144    0.003   0.0889   0.0553   0.0807   0.0599  -0.0721   0.0615    0.061  -0.0669   0.0855  -0.0304   0.0502  -0.0706
 5 A   0.0767   0.0247   0.0502  -0.0302   -0.046   0.0792   0.0237   0.0223    0.114  -0.0228  -0.0771   0.0081    -0.01   0.0157  -0.0184  -0.0526   0.0807   0.0147   -0.031   0.1057
 6 A  -0.0816   0.0054   0.0772  -0.0285   0.0817   0.0247  -0.0968   0.0859   0.0382   0.0995  -0.0655  -0.0782   0.0865   0.0773  -0.0598    0.013   0.0508   0.0846   0.0423   0.0421
 7 A   -0.096  -0.1267  -0.0943  -0.0508    0.072   0.0078  -0.0365   0.0684   0.0064  -0.0442   0.0675    0.048   0.0122  -0.0963   0.0601  -0.0911   0.1294  -0.0224   0.0727   0.0873
 8 A    0.013  -0.0727   -0.088  -0.0757  -0.0911  -0.0785  -0.0549   0.0805   0.0119  -0.0291  -0.0856   0.0935   0.0136  -0.0593  -0.0495   0.0488  -0.0986   0.0163    0.094     0.07
 9 A   -0.052  -0.0012  -0.0745  -0.0245  -0.0953  -0.0753  -0.1469  -0.0382  -0.0224    0.014  -0.0365   0.0977   0.0347   0.1214  -0.0703   0.0032  -0.0613   0.2699   0.1182  -0.0827
