            A        R        N        D        C        Q        E        G        H        I        L        K        M        F        P        S        T        W        Y        V
 1 A    0.017   0.1065   -0.145  -0.1019   0.0323  -0.0629  -0.0658   0.0023   0.0319  -0.0403  -0.0431   0.1839   0.0616  -0.0328   -0.112   0.0842    0.083   0.0031  -0.0706   0.0011
 2 A   0.0469   -0.122   0.0552  -0.1176  -0.0737   0.0302  -0.0443   0.0408  -0.0122   0.0298     0.08  -0.0243   0.2419   0.1736   -0.034   0.1261   0.1619  -0.1465   0.1633   0.0119
 3 A  -0.0176  -0.0361   0.0961  -0.1014   0.0988  -0.0717  -0.1303  -0.0734   0.0798  -0.0169   0.0503   0.0509   0.0968   0.0417  -0.0092  -0.0114   0.0535   0.1538   0.0608  -0.1056
 4 A   0.0342   0.0725   0.0132   0.0637   0.0983  -0.0737  -0.0204  -0.0658   0.0048   0.0892   0.0089   0.0331   0.0462   0.0689  -0.0134   0.0226   0.0028    0.071   0.0382  -0.0029
 5 A   0.0214   0.0504  -0.0208  -0.0044   0.0884   0.0209  -0.1079    0.039   0.1302   0.0734   0.1031  -0.0244   0.0542   0.1075  -0.0154  -0.0018   0.0378   0.0693   0.0682  -0.0026
 6 A    -0.07   0.0552   0.0308  -0.0403   0.0374   0.0162  -0.0982   0.0664   0.0633   0.0427   0.0673    0.097   0.0935   0.0582   0.0713   0.0456   0.0083   0.0536   0.1482  -0.0156
 7 A   0.0179    0.038  -0.0408  -0.0134   0.0516  -0.0218  -0.0345  -0.0205   0.0167    0.026   0.0064  -0.0352   0.0098   0.1905  -0.0604   0.0272   0.0495   0.0343   0.1412  -0.0314
 8 A   0.0184   0.0494   0.0589  -0.1315  -0.0486  -0.0214  -0.0323  -0.0242   0.0001   0.0405   0.0456  -0.0258  -0.0645   0.0701   0.0097  -0.0653    0.089   0.0207   0.0986   -0.034
 9 A  -0.0388   0.3753  -0.1623   0.0005  -0.1297  -0.0588   0.0318  -0.0768   0.0406  -0.0579   0.0355   0.1491   0.0335   0.0537   -0.054  -0.0046  -0.0508  -0.0258   0.0562   0.0213
