            A        R        N        D        C        Q        E        G        H        I        L        K        M        F        P        S        T        W        Y        V
 1 A   0.0285   0.1369  -0.2128  -0.2096  -0.0706   0.0064  -0.0627   0.1184  -0.0319   0.0078  -0.0162   0.0809  -0.0591  -0.0402  -0.2123    0.082  -0.0165   0.1199   0.0607  -0.0604
 2 A   0.0601   0.0825   0.0115    0.015   0.0119   0.0153   0.2588   0.0144   0.0113   0.0132  -0.0803   0.0148    0.011   0.0066   0.0106   0.0138  -0.0135   0.0106  -0.1626    0.011
 3 A   0.0008   0.0496   0.0106  -0.1529  -0.0794  -0.0104   0.0817  -0.0443  -0.0424   0.0605   0.0288   0.0704  -0.0577   0.0503  -0.1207  -0.0064   0.1079  -0.0707    0.007   0.0431
 4 A   0.1165  -0.0172   0.0279    0.024    -0.09  -0.0623   0.0028    0.003   0.0889   -0.051   0.0253   0.0406  -0.0721   0.0615     0.13  -0.0669  -0.0629   0.0258   0.0502   0.0461
 5 A   0.1216   0.0699  -0.0933  -0.1912   -0.046   0.0792  -0.0257   0.0818  -0.0215  -0.0453  -0.0383  -0.0076    -0.01   0.0874   0.0407   0.0302   0.0148   0.0309   0.4183  -0.0574
 6 A  -0.0378   0.0054   -0.023  -0.0981   0.0817    0.193   0.0257   0.0557   0.0382   0.0573  -0.0172    0.053  -0.0245    0.005   -0.011   0.0511   0.0271   0.0846   0.0154   0.0117
 7 A  -0.1442  -0.0748   0.0028  -0.1375   0.1987   0.0078   0.0106   0.0649  -0.0752   0.0802   0.0194  -0.0671   0.0122   0.0697   0.1505  -0.0448   0.0286   0.0652  -0.0278  -0.0585
 8 A  -0.0488  -0.0727  -0.0084  -0.0193  -0.0911  -0.1635    0.028  -0.0107   0.0011    -0.03   0.0252   0.0263  -0.0559   0.0197   0.0702   0.0488   0.0538   0.0163   0.0638  -0.0589
 9 A  -0.0065  -0.1764  -0.1773   0.0658  -0.1741   -0.018   -0.182   0.0307   0.0213  -0.0161    0.168  -0.1746   0.2211   0.1401  -0.1453   0.0491   0.1988  -0.0616   0.0719   0.1371
