            A        R        N        D        C        Q        E        G        H        I        L        K        M        F        P        S        T        W        Y        V
 1 A   0.0402   0.0083  -0.0042  -0.0539  -0.0706  -0.0122   0.0145   0.0276  -0.0327   0.0078  -0.0162    0.037  -0.0591   0.0351  -0.1762   0.0856   0.0022   0.0269  -0.1041  -0.0604
 2 A   0.0601   0.0253  -0.0373   0.0249   0.0346    0.035   0.2852  -0.0238   -0.066   0.0178   0.0158   0.0032   0.0469   0.0111   0.0243  -0.0119  -0.0292   0.0344  -0.0531   0.0267
 3 A   0.1518   0.0496   0.0041   -0.034  -0.0794  -0.0104   0.0817   0.0044  -0.0424   0.0355    0.013  -0.0173  -0.0577   0.0266  -0.0017  -0.0724   0.0003  -0.0707  -0.0102   -0.002
 4 A   -0.014  -0.0172   0.0831   0.0249    -0.09  -0.0333  -0.0012   0.0058   0.0889   0.0575   0.0317  -0.0321  -0.0721   0.0469   0.1171  -0.0669   0.0807   0.0637   0.0502   -0.053
 5 A    0.114   0.0684   0.0091   0.0461   -0.046   0.1028  -0.0277   0.0524   0.0405    0.061  -0.0132   0.0091    -0.01   0.0632   0.0524  -0.0386    0.031   0.0286  -0.0994   0.0397
 6 A   0.0027   0.0054   0.0427   0.0508   0.0828   0.0458  -0.0506   0.0519   0.0506   0.0727   -0.053  -0.0886   0.0522   0.0403   0.0322   0.0511   0.0957   0.0846   0.0409  -0.0738
 7 A   -0.096  -0.1082   0.0011   0.0034   0.1233   0.0078   0.0106   0.1141  -0.0752   0.0401   0.0447   0.0462   0.0122   -0.043   0.0794  -0.0362  -0.0639   0.0469  -0.0301     0.05
 8 A   -0.002  -0.0727  -0.0809   0.0825  -0.0911  -0.0111  -0.0397   0.0083  -0.0286   -0.053   0.0995  -0.0725  -0.0269   0.0148   -0.058   0.0488  -0.0609   0.0163   0.0629   0.0771
 9 A   0.0046  -0.1034   0.0012  -0.0903   -0.134   0.0007  -0.1512   0.0163   0.0289   0.0673   0.0312   0.0977   0.1635   0.0447  -0.1115   0.1423   0.0338  -0.0256   0.0532  -0.0389
