            A        R        N        D        C        Q        E        G        H        I        L        K        M        F        P        S        T        W        Y        V
 1 A   0.0315    0.102  -0.1083  -0.1175   0.0083  -0.0555  -0.0678  -0.0071   0.0178  -0.0366  -0.0301   0.1669     0.05  -0.0269  -0.0919   0.0565   0.0693  -0.0116  -0.0567  -0.0054
 2 A   0.0917  -0.1061   0.0427  -0.1285  -0.0805   0.0655  -0.0456   0.0225  -0.0062   0.0343   0.0728  -0.0308    0.192   0.1667  -0.0239   0.1278   0.1214  -0.1478   0.1636   0.0407
 3 A   -0.029  -0.0277   0.0831  -0.0981   0.0931  -0.0339  -0.0834  -0.0684   0.0577  -0.0028   0.0484    0.058    0.061   0.0617  -0.0547  -0.0293   0.0479   0.1221   0.0411   -0.085
 4 A   0.0185   0.0761   0.0197   0.0422   0.0745  -0.0709  -0.0178   -0.056   0.0403   0.0458  -0.0019   0.0379   0.0556   0.0319   0.0058   0.0321   0.0029   0.0792   0.0206   0.0156
 5 A   0.0168   0.0697  -0.0376  -0.0069   0.0838    0.011  -0.0744   0.0116   0.0721   0.0744   0.0906   0.0006   0.0459   0.0854   0.0157   0.0148   0.0498   0.0421   0.0826   0.0056
 6 A  -0.0568   0.0759   0.0094  -0.0195   0.0262   0.0158  -0.0786    0.048   0.0798    0.064   0.0738   0.0701   0.0664   0.0824   0.0319   0.0313   0.0236   0.0329   0.1164   0.0069
 7 A   0.0246   0.0298  -0.0486  -0.0349   0.0454  -0.0042  -0.0303  -0.0116   0.0414   0.0127   0.0168  -0.0638  -0.0006   0.1419  -0.0526   0.0293   0.0301    0.056   0.1454  -0.0172
 8 A   0.0179   0.0452    0.047  -0.1032  -0.0642  -0.0063  -0.0095  -0.0296  -0.0158   0.0153   0.0402  -0.0278  -0.0408   0.0699   0.0134  -0.0553   0.0534  -0.0144   0.0859  -0.0146
 9 A  -0.0262   0.3952  -0.1747   0.0083  -0.1004  -0.0666   0.0338  -0.0796   0.0573  -0.0561   0.0129   0.1604   0.0287   0.0419  -0.0387  -0.0179  -0.0674   -0.027   0.0503   0.0069
