            A        R        N        D        C        Q        E        G        H        I        L        K        M        F        P        S        T        W        Y        V
 1 A   0.0215   0.1225  -0.0238  -0.0395  -0.0319   0.0758   -0.139   0.0803   0.0481   -0.048  -0.0837   0.1015  -0.1593  -0.0804  -0.0039   0.1389  -0.0336   0.0117  -0.0392   0.0265
 2 A   -0.005   0.0937  -0.1181   0.0385  -0.0427   0.0518  -0.0805  -0.1621   -0.066   0.0739   0.0012  -0.0158   0.2816  -0.0238   0.0384  -0.0176   0.2138   0.1142   0.1336   0.0976
 3 A   0.0294   0.0328  -0.0634  -0.0017  -0.1226  -0.0596  -0.0811  -0.1058   0.1036    0.022  -0.0145   0.0772  -0.0283   0.0268   0.1323   0.2022   0.0824  -0.0707  -0.0003   0.0518
 4 A  -0.1013  -0.0591   0.1226   0.0159    -0.09  -0.0752  -0.0319   0.1201   0.1213   0.0511  -0.0503   0.1105  -0.0721   0.2153   0.0328   0.0558   0.0684  -0.0304   0.0502   0.0322
 5 A   0.0767   0.0233  -0.1364  -0.0336   0.0901   0.0696   0.0595   0.0159   0.0489   0.0543   0.0141   0.0833   0.0879   0.0171   0.0953  -0.0116   0.2079   0.1038  -0.2142   0.0489
 6 A  -0.1114   0.1112   0.0374   0.0018   0.0752  -0.0807  -0.1108   0.0297   0.1089   0.0406   0.0817   0.0242   0.1621   0.1279  -0.0868   0.0529   0.0292   0.0846   0.0767   0.0914
 7 A   -0.096   0.0043   0.0713  -0.2042   0.1418  -0.0373  -0.0521   0.1767  -0.0752  -0.0561  -0.0123   0.0056   0.0118  -0.0034   0.1429  -0.0109   0.1989   0.0757    0.064   0.0096
 8 A   0.0112  -0.0251   0.1025  -0.0313  -0.0911  -0.1827   0.1038   0.0426    0.086   -0.107   0.0354   0.0401   0.0044   0.0755   0.2171  -0.1243  -0.1169   0.0163   0.0211  -0.0121
 9 A   0.0202  -0.0012    0.024   0.0658  -0.0686  -0.0963   -0.086  -0.0027   0.0213    0.043  -0.0002   0.0977  -0.0233    0.045   0.0102   0.0491   0.0338    0.014    0.243  -0.2155
