            A        R        N        D        C        Q        E        G        H        I        L        K        M        F        P        S        T        W        Y        V
 1 A  -0.1771   -0.136   0.0165   0.0489   0.0518  -0.0274   0.1743  -0.1486   0.1149  -0.0032  -0.0745  -0.1969   0.1726   0.0465  -0.2745  -0.0204   0.0719   0.0358   0.0896  -0.0814
 2 A   0.1825  -0.3029   0.0351   0.0385  -0.1199  -0.1176   -0.083  -0.0668   0.0113   0.1057   0.0624  -0.2051   0.0769   0.0342   0.2213   0.1129   0.2436  -0.0251  -0.0092   0.1975
 3 A   0.0817  -0.1174   0.0397   -0.152    0.036  -0.0941  -0.0768  -0.1439   0.0369    0.107  -0.0858  -0.0504   0.0694    0.171  -0.1082   0.0553   0.0518  -0.0458    0.127   0.0466
 4 A   0.0313  -0.0778   -0.011   0.0008   0.0181   0.0326  -0.0276   0.0148   0.0092   0.0007  -0.0346  -0.0217   0.0712    0.073   0.0293   0.0367  -0.0118   0.1128    0.038   -0.032
 5 A    0.011   0.0239    0.062   0.0044   0.0061   0.0152  -0.0195  -0.0233  -0.0038   0.1513  -0.0043  -0.0888   0.0547    0.088  -0.0179   0.0273    0.012  -0.0177   0.0564   0.1226
 6 A   0.0987   0.0633   0.0387   0.0139   0.0875   0.0153   0.0327  -0.0357   0.0416   0.0325   0.0237   0.0196   0.0814   0.0372  -0.0405   0.0013   0.0405  -0.0304  -0.0206   0.0097
 7 A    0.055  -0.1035   0.0074  -0.0252   0.0762  -0.0463   0.0033   0.0131   0.0261   0.0004  -0.0002  -0.1147   0.0675   0.0642   -0.032   0.0344   0.0036   0.0148   0.0307   0.0309
 8 A  -0.0876  -0.0026   0.0033  -0.0927   -0.085   0.0134   0.0102   0.0101   0.0013  -0.0457   0.0517   0.0035   0.0156   0.1129  -0.0572  -0.0023  -0.0266  -0.0314    0.041  -0.0351
 9 A  -0.0344   0.4484    0.024   0.0658  -0.2707  -0.0963   -0.086  -0.0027  -0.0228  -0.1438  -0.1064   0.3203  -0.0214   0.0055   0.0102   0.0491  -0.1132    0.004   0.1091  -0.1726
