            A        R        N        D        C        Q        E        G        H        I        L        K        M        F        P        S        T        W        Y        V
 1 A   0.0411   0.1275  -0.0502  -0.0805  -0.0625  -0.1071  -0.0421   0.0121  -0.0061  -0.0269   0.0698   0.1124   0.0302  -0.0713  -0.0203   0.0006  -0.0209   -0.049   0.0028   0.0292
 2 A  -0.0078  -0.0136   0.0021  -0.0438   0.0753   0.0004   0.0114  -0.0205   0.0094   0.0179   0.0967  -0.0609   0.0701   0.0719  -0.0703   0.1244   0.0868   0.1626   0.0103   0.0946
 3 A  -0.0988   0.2124   0.0917  -0.0132   -0.207   0.0024  -0.0526  -0.0426   0.1858   0.0103   0.0175   0.1149   0.0856   0.0418  -0.0294  -0.0113  -0.1078  -0.0159   0.0152  -0.0387
 4 A   0.1095   0.0432  -0.0406  -0.0042   0.2273   0.0862  -0.0375   -0.024   0.0785  -0.0525   0.0353   0.0549   0.1752  -0.0187   0.0027  -0.0297  -0.0274   0.0001  -0.0614  -0.0526
 5 A   0.0311   0.0737   0.0366  -0.0399  -0.0417   0.0494  -0.0278    0.023    0.012   0.0161   0.0215   0.0455   0.0916   0.0913   0.0112   0.0483  -0.0147   0.0712   0.0738   0.0968
 6 A  -0.0066   0.1314  -0.0675  -0.0295   0.0177  -0.0049  -0.0511   0.0538   0.0899    0.028  -0.0125   0.0137   0.0871   0.0222   0.0657   0.0483   0.1058   0.0298   0.1282   0.0686
 7 A  -0.0321   0.0411   0.0856  -0.0658   0.0121  -0.0005  -0.0219   0.0319   0.0451   0.0885   0.0152  -0.0261   0.0373   0.0437   0.0811  -0.0039  -0.0474  -0.0624   0.0122   0.0812
 8 A   0.0385  -0.0461   0.0242  -0.0646   0.0544  -0.0534  -0.0343   0.0033   0.0535   0.0218  -0.0179   0.0062  -0.0436  -0.0077   0.2048  -0.0295  -0.0469  -0.0744   0.0457  -0.0244
 9 A   0.0761   0.0339    0.024    0.031  -0.0881  -0.0446   0.0123   0.0054  -0.1723   0.0026  -0.0037   0.3046  -0.0585   -0.007   0.0251  -0.0059   0.0067  -0.0817   0.1078   0.0444
