            A        R        N        D        C        Q        E        G        H        I        L        K        M        F        P        S        T        W        Y        V
 1 A   0.0307   0.1331  -0.2052  -0.2016  -0.0706   0.0032  -0.0627   0.1187  -0.0337   0.0078  -0.0162   0.0855  -0.0591  -0.0358   -0.206   0.0821  -0.0165   0.1068   0.0585  -0.0604
 2 A   0.0601    0.081   0.0112   0.0156   0.0128   0.0151   0.2538    0.012   0.0098   0.0109  -0.0803   0.0138   0.0111   0.0066   0.0077   0.0126  -0.0218   0.0117  -0.1688   0.0111
 3 A   0.0092   0.0496    0.012   -0.147  -0.0794  -0.0104   0.0817  -0.0425  -0.0424   0.0511   0.0225    0.074  -0.0577    0.041  -0.1122  -0.0042   0.1113  -0.0707   0.0058   0.0461
 4 A   0.1058  -0.0172   0.0266   0.0238    -0.09  -0.0593    0.003    0.003   0.0889  -0.0507   0.0261   0.0431  -0.0721   0.0615   0.1325  -0.0669  -0.0566   0.0268   0.0502   0.0485
 5 A   0.1197   0.0709  -0.0819  -0.1775   -0.046   0.0792  -0.0275   0.0803  -0.0214  -0.0423  -0.0337  -0.0043    -0.01   0.0897   0.0426   0.0323   0.0118   0.0313   0.3954   -0.059
 6 A  -0.0325   0.0054   -0.018  -0.0943   0.0817   0.1821   0.0209   0.0558   0.0382   0.0575  -0.0116    0.055   -0.017    0.008  -0.0126   0.0511   0.0301   0.0846   0.0112   0.0119
 7 A  -0.1371  -0.0743   0.0016   -0.134   0.1983   0.0078   0.0106   0.0664  -0.0752    0.075   0.0244  -0.0641   0.0122   0.0658   0.1531  -0.0443    0.026   0.0619  -0.0259  -0.0556
 8 A  -0.0438  -0.0727  -0.0131  -0.0181  -0.0911  -0.1623   0.0301  -0.0039  -0.0001  -0.0312   0.0227   0.0197  -0.0529   0.0261   0.0765   0.0488   0.0579   0.0163   0.0638   -0.055
 9 A  -0.0081  -0.1747  -0.1767   0.0658  -0.1733    -0.02  -0.1796   0.0301   0.0213  -0.0159   0.1686  -0.1737   0.2133   0.1513  -0.1439   0.0491   0.1968   -0.065    0.069   0.1418
