            A        R        N        D        C        Q        E        G        H        I        L        K        M        F        P        S        T        W        Y        V
 1 A  -0.0368  -0.0084   0.0099  -0.0119    -0.05   0.0246  -0.0086  -0.0431  -0.0177   0.0102   0.0032  -0.0132  -0.0042   0.0215  -0.0433  -0.0249  -0.0294  -0.0068   0.0119   -0.035
 2 A    0.073    0.007   0.0537   0.0081  -0.0061   0.0087  -0.0068   0.0778   0.0084   0.0164   0.0433  -0.0017    0.023   0.0458   0.0527   0.0112    0.025   0.0118   0.0016    0.025
 3 A   0.0268   0.0685  -0.0215  -0.0148  -0.0361   0.0198  -0.0186   -0.022  -0.0074   0.0163   0.0088   0.0584  -0.0125    0.003  -0.0024  -0.0037  -0.0089  -0.0201  -0.0023  -0.0137
 4 A   0.0123   0.0708   0.0185   0.0184    0.004  -0.0067  -0.0132    0.009   0.0451  -0.0217   0.0222   0.0461  -0.0034   0.0362   0.0139   0.0067   0.0113   0.0282   0.0161   0.0058
 5 A   0.0157   0.0545   0.0267     0.04   0.0472   0.0619   0.0171    0.013   0.0071   0.0171   0.0184   0.0119   0.0506   0.0372   0.0015  -0.0072   0.0288   0.0274   0.0296   0.0315
 6 A   0.0016   0.0549   0.0319   0.0116  -0.0232   0.0286   0.0191   0.0155   0.0317    0.023   0.0528   0.0578   0.0472   0.0601   0.0166   0.0116   0.0314   0.0379   0.0262   0.0431
 7 A   0.0244  -0.0116   0.0291   -0.025   0.0183   0.0111   0.0491  -0.0055  -0.0142  -0.0097    0.007   0.0143    0.025   0.0241  -0.0095   0.0119  -0.0013     0.01   0.0034   0.0233
 8 A   0.0408   -0.033  -0.0158  -0.0388  -0.0231   0.0032   0.0157  -0.0298  -0.0723   0.0143  -0.0002  -0.0231   0.0081   -0.002  -0.0014  -0.0102    0.014  -0.0327  -0.0026   0.0539
 9 A   0.0309    -0.01  -0.1545  -0.0068  -0.0068    0.023   0.0001  -0.0451    0.049   0.0072   0.0527   -0.008   0.1023   0.0328  -0.0249  -0.0147   -0.001   0.0064   0.0054   0.0405
