            A        R        N        D        C        Q        E        G        H        I        L        K        M        F        P        S        T        W        Y        V
 1 A   0.0513   0.0537   0.0753  -0.1298  -0.0706   0.0466  -0.0627   0.0209  -0.0169   0.0078  -0.0162   0.1108  -0.0591  -0.1293  -0.1733   0.0137   0.1152   0.0482   0.0289  -0.1738
 2 A   0.0601  -0.0054  -0.0063  -0.0052  -0.0053   0.0789   0.2171   -0.008  -0.0051  -0.0088  -0.0062  -0.0158  -0.0062  -0.0058  -0.0071  -0.0049  -0.0102   0.0669  -0.0147  -0.0057
 3 A   0.0226   0.0496   0.0773  -0.0512  -0.0794  -0.0104   0.0817  -0.0413  -0.0424  -0.0701  -0.1037  -0.1154  -0.0577   0.0314   0.0005    0.055   0.0884  -0.0707   0.0589   0.1601
 4 A  -0.0607  -0.0172    0.123  -0.0935    -0.09  -0.1107  -0.0363   0.0596   0.0889   0.0307   0.1504   0.1012  -0.0721   0.1389  -0.0554  -0.0669   0.0663    0.042   0.0502  -0.0348
 5 A   0.0665   0.0276   0.0062   0.0953   -0.046     0.02   0.0226   0.1347   0.0095  -0.0938  -0.0153   0.0667    -0.01   0.0374   0.0466   0.0351   0.0395   -0.008   0.1929  -0.0636
 6 A  -0.1072   0.0054   0.1005   0.0996    0.047   0.0997  -0.0705   0.0162   0.0366   0.2477   -0.107   0.0284   0.0381  -0.0117   0.0193   0.0511   0.1259   0.0846   0.0503  -0.0757
 7 A    -0.16  -0.0369   0.0593   -0.084   0.1469   0.0078   0.0106   0.0684  -0.0752   0.0119   0.1723  -0.0605   0.0122   0.0042   0.1518   0.0045  -0.0421    0.105  -0.0379  -0.0268
 8 A  -0.0172  -0.0727  -0.0882  -0.0027  -0.0911   0.1686  -0.0007  -0.0052   0.0547  -0.1314  -0.0077  -0.0772  -0.1044   0.0334   0.0464   0.0488   0.1448   0.0163   0.0797  -0.0551
 9 A   0.0072  -0.0943  -0.0431  -0.1281  -0.1111   0.0283   -0.127  -0.0076   0.0213   0.1771   0.0069  -0.1189   0.2038   0.1429   0.0102  -0.0851   0.0338   0.1267   0.0953  -0.1101
