            A        R        N        D        C        Q        E        G        H        I        L        K        M        F        P        S        T        W        Y        V
 1 A  -0.0309  -0.0117   0.0139  -0.0151  -0.0486   0.0161  -0.0093  -0.0452  -0.0156   0.0124   0.0016  -0.0157  -0.0067    0.027  -0.0434  -0.0292  -0.0328  -0.0064   0.0119  -0.0337
 2 A   0.0691   0.0064   0.0546   0.0112  -0.0043   0.0078  -0.0004   0.0542   0.0075   0.0174   0.0505  -0.0005   0.0184   0.0485   0.0636   0.0095    0.019   0.0136  -0.0005    0.029
 3 A    0.025   0.0735  -0.0242  -0.0176  -0.0385    0.014  -0.0175  -0.0236  -0.0074   0.0055   0.0057   0.0662  -0.0102  -0.0001  -0.0045  -0.0013  -0.0044  -0.0145  -0.0001  -0.0149
 4 A   0.0085   0.0646   0.0118   0.0105   0.0023  -0.0067  -0.0087   0.0102   0.0453  -0.0144   0.0261   0.0532   0.0019   0.0368   0.0071   0.0073   0.0107   0.0255   0.0139   0.0084
 5 A   0.0116   0.0614   0.0283   0.0259    0.045   0.0669    0.013    0.012   0.0146   0.0193   0.0154   0.0209   0.0492   0.0317   0.0057   -0.007   0.0298   0.0244    0.027   0.0313
 6 A   0.0065   0.0561   0.0347   0.0077  -0.0256    0.027   0.0105   0.0217   0.0407   0.0272   0.0494   0.0498   0.0443    0.061   0.0132   0.0105   0.0257   0.0389    0.029   0.0484
 7 A   0.0262  -0.0104   0.0201  -0.0231   0.0176    0.006   0.0499  -0.0072  -0.0098  -0.0055   0.0103   0.0109   0.0284   0.0215  -0.0115   0.0113  -0.0008   0.0068   0.0047   0.0225
 8 A   0.0367   -0.027  -0.0171  -0.0356  -0.0216  -0.0014   0.0177  -0.0307   -0.062   0.0175  -0.0004  -0.0197    0.002  -0.0045  -0.0102  -0.0106   0.0156  -0.0315  -0.0105   0.0503
 9 A   0.0333  -0.0075   -0.122   -0.002  -0.0124   0.0249  -0.0027  -0.0452   0.0417   0.0107   0.0471  -0.0119   0.1001   0.0336  -0.0363  -0.0155  -0.0008    0.003  -0.0002   0.0359
